# a=0.36, pEndemic=0.1, g=5.0
2.6113298622344843
2.509613592037622
2.4221184711629222
2.1811804176845944
1.6026243004928957
0.8051404331835396
0.37921819853691097
0.26220243532489357
0.22270628081909272
0.2927418902748297

# a=0.77, pEndemic=0.8, g=5.0
1.6635407566507348
1.7099179359636716
1.6078046345513073
1.4313781036596835
1.0737493961443665
0.8403950807500533
0.7916184741029048
0.7775278476422102
0.7855061636399496
0.8194823454954824

# a=0.1, pEndemic=0.4, g=10.0
1.3829996588791014
1.4202164033831894
1.4596705252091269
1.5086383061657271
1.5421181032660087
1.573488738635426
1.5072396109731623
1.1301817920206716
0.6836102489268046
0.48227640516626447

# a=0.6, pEndemic=0.5, g=10.0
2.1709280998316145
2.332274720357878
2.4745758035323524
2.6005016602547224
2.680446208746397
2.5997627981251843
2.0884288425347557
1.250248549725151
0.6139383771828029
0.38300738628357156

# a=0.28, pEndemic=0.3, g=20.0
1.8898591671588607
3.417631795009995
4.178054581455439
4.772199495613097
5.283279706574562
5.706697643895166
6.146313415607331
5.509273288269561
3.9560792547408683
2.095789746856872

# a=0.1, pEndemic=0.4, g=5.0
1.3685562309868287
1.3695721249749768
1.3695721249749768
1.3353580244438745
1.1129456219490435
0.7068585165490692
0.4709548292342311
0.5016894462103996
0.6625407387093439
0.8817352739105209

# a=0.28, pEndemic=0.1, g=10.0
2.528643062439761
2.696606918769816
2.8700792014235517
2.9633643190293446
3.0731567078036215
3.023685775194875
2.8116457954526264
2.192003678376629
1.2890595643732587
0.5423171310704047

# a=0.17, pEndemic=0.8, g=10.0
1.121796144304983
1.1334497584347891
1.1553148094157961
1.1739799822565782
1.1826309050083998
1.172175511236277
1.0456147278653989
0.8488792538178745
0.7556782066954297
0.8539818910283229

# a=0.6, pEndemic=0.7, g=20.0
1.658552657747602
1.8962189192962196
2.112470032972356
2.3680401514384046
2.7319243153826576
3.137976780645418
3.4803590136142026
3.47226729478727
2.3812094926542735
0.9615539739225273

# a=0.36, pEndemic=0.9, g=20.0
1.1004125321854412
1.1168175127479891
1.1353736626968205
1.1597147151235538
1.1988983698706028
1.2466878691017165
1.2950914408009193
1.3375324868684553
1.1658152250453797
0.8331663933994021

# a=0.46, pEndemic=0.8, g=20.0
1.2852623717793326
1.3409512127949073
1.4087350191971115
1.509475511859944
1.593224816983619
1.7387060631391602
1.9486966551103173
1.9854759859644309
1.5625305623521912
0.7809358587224731

# a=0.6, pEndemic=0.8, g=5.0
1.3537857676322178
1.3809452357439138
1.3730340704450479
1.2673782574044679
1.0322383841787295
0.8360923735316215
0.7775635074114622
0.775525992347919
0.8010012634505832
0.8648080035172023

# a=0.1, pEndemic=0.6, g=20.0
1.2182446253475312
1.3665315444204131
1.4841261562883203
1.5968794788241825
1.7235381958267553
1.8664610916297844
2.031517051446066
2.026872146400303
1.5214335044061564
0.7667499904588997

# a=0.13, pEndemic=0.4, g=0.0
1.0
0.5721534994429683
0.4759342373617717
0.4752875252732228
0.5247510844361414
0.6121740121429289
0.7212045843093275
0.8297236738807846
0.9292070314865075
0.9746516253948009

# a=0.17, pEndemic=0.5, g=5.0
1.3533034332734033
1.367766620505693
1.3735285882868986
1.318396600436335
1.0847306917816881
0.7080108052034765
0.5220664612229874
0.5609516078881122
0.6925910395917378
0.8695726016038761

# a=0.22, pEndemic=0.1, g=0.0
1.0000000000000002
0.47207343560480997
0.32256989843307626
0.26272195748838506
0.2341509053690319
0.22582446641427617
0.24172599929304886
0.29567805455114016
0.39483921195821564
0.6117984947800696

# a=0.22, pEndemic=0.8, g=20.0
1.1451266319525444
1.1741787206890641
1.2119747590774308
1.252945801072486
1.3220417213673983
1.4131015624420047
1.4897696267523188
1.535425745028486
1.2631510857561528
0.7342164761000322

# a=0.36, pEndemic=0.0, g=0.0
1.0
0.4522438167747603
0.2808026642890545
0.21025122570751256
0.1640389444037891
0.13676089909611108
0.1146142307946252
0.10258404188249722
0.09802942265511785
0.10869002417564066

# a=0.1, pEndemic=0.5, g=15.0
1.2890368810047244
1.3990271043132514
1.4962093169428186
1.5951662833800624
1.6861327796308478
1.7904849854573694
1.8632794328435918
1.7772835288524156
1.2291479883578555
0.6236055579627339

# a=0.77, pEndemic=0.9, g=0.0
1.0
0.9471985509438497
0.9242337529247204
0.921311973136131
0.9154750987055266
0.9125599972713865
0.9164472929547473
0.9193653587734981
0.9295961510656102
0.9364319091704535

# a=0.6, pEndemic=0.4, g=15.0
2.5909181361415508
3.261403082406245
3.8502911870601566
4.362360835369189
4.851224273440536
5.26543524693986
5.189099785051578
4.389817318955709
2.699009273378122
1.0959528794275666

# a=0.1, pEndemic=0.5, g=0.0
1.0000000000000002
0.606073993414163
0.5365549682295724
0.5649523586600355
0.6369524054789065
0.749092300299144
0.8437538096026557
0.9215431819467075
0.9726503922252433
0.9884295564027219

# a=0.17, pEndemic=0.9, g=15.0
1.0568838834673984
1.0691326236822827
1.0759275291490287
1.0847306917816881
1.1059551867758444
1.1209728796355856
1.130513717018308
1.0572511778707252
0.9012721724612649
0.8630240501639809

# a=0.28, pEndemic=0.0, g=15.0
3.6917577235209817
5.3516329847837785
6.3723069973023545
7.2353407063350526
7.2353407063350526
inf
7.2353407063350526
6.690827060971192
5.162183998531368
2.672654845797921

# a=0.6, pEndemic=0.9, g=0.0
1.0
0.9402355645166139
0.9216529624053862
0.9104004730484001
0.9182078343938067
0.9191468136374729
0.9276179559694531
0.9282469086460187
0.945940129570274
0.9628340885268947

# a=0.13, pEndemic=0.5, g=5.0
1.3027180429586516
1.3226975259733904
1.328558797862037
1.2821783189595328
1.057118236725439
0.6996953904090133
0.5357400018132314
0.5688570887996329
0.7257082272120627
0.90160838460214

# a=0.17, pEndemic=0.4, g=0.0
0.9999999999999999
0.5870090594094339
0.4831589510504134
0.4723690392295837
0.5112119282911083
0.5847778027240184
0.6745894986497859
0.7830298395889221
0.8883234237695534
0.9639929398680748

# a=0.22, pEndemic=0.0, g=5.0
2.6718712766896155
2.5514576861682285
2.36145913700215
2.1242454486209854
1.67725218711866
0.8922148298124588
0.3844739185286263
0.24153555919334305
0.18333970848557551
0.181598483482264

# a=0.1, pEndemic=0.8, g=5.0
1.0872466963286773
1.0979971086492708
1.1034737825104448
1.0726296369609765
0.9408153823686287
0.786216700664696
0.7639668528823641
0.8529423289716402
0.9408153823686287
0.98296666070122

# a=0.17, pEndemic=0.6, g=20.0
1.2866259222989629
1.472445711715374
1.6157002781167291
1.7810258980495786
1.940735331396056
2.1025023580279503
2.316306357439716
2.2863339427300855
1.7031892713656391
0.8313748164066119

# a=0.77, pEndemic=0.3, g=15.0
5.040904615005905
6.605839505674427
7.868339013516665
8.950131763601737
10.235117613584853
10.645027490625385
10.034980674757712
8.176582874872445
5.065270008307942
2.0755984689499165

# a=0.77, pEndemic=0.4, g=5.0
3.4131840461806853
3.3309792497864437
3.185736080898639
2.4799586779183787
1.4508946461087904
0.6885562321925285
0.46310117118469657
0.4124808215497049
0.4031167552625585
0.43299141137265423

# a=0.1, pEndemic=0.8, g=10.0
1.092588639225414
1.1051303432547475
1.1186153432294275
1.1307682802690242
1.1481303992702336
1.135488918941608
1.010105436281227
0.8244881866365523
0.7614521123186723
0.8626458886292672

# a=0.46, pEndemic=0.6, g=10.0
1.6183180975648932
1.6771057879051054
1.7496829640579261
1.8281927985147546
1.8775932436639884
1.8781467714011368
1.5703537658553661
1.0112470781339473
0.6077372548066282
0.5145751842733519

# a=0.36, pEndemic=0.7, g=10.0
1.3276030230751317
1.3699217407386506
1.4067096721757375
1.4509499532757346
1.4860521494475933
1.4709796332224399
1.266476711088653
0.8888302924275424
0.6395036586743139
0.6735758809195448

# a=0.6, pEndemic=0.9, g=10.0
1.189290564779525
1.1993795297370096
1.2164323507344474
1.2591670853739179
1.2820196129058306
1.2547027386524041
1.1017867794787823
0.9238484775474443
0.8436083744288563
0.8672455013436794

# a=0.36, pEndemic=0.5, g=20.0
1.6714139637634784
2.3311558676092594
2.748905932463106
3.1385008461698867
3.564813214894134
3.999776246977081
4.213830897713451
3.9431820118811984
2.7344048139836543
1.299142954972882

# a=0.6, pEndemic=0.4, g=5.0
2.3296989105270796
2.3911449657946404
2.287680190890313
2.0152854165580947
1.3243007167094203
0.7032726386407229
0.4718889590554369
0.41880450120352763
0.4229306521592122
0.5152141721300153

# a=0.46, pEndemic=0.4, g=20.0
2.117818568721326
3.6060034449162375
4.412605477070821
5.159285449653719
5.819478364302008
6.567002507521924
6.609932558176061
5.892391171612142
4.161409919083545
2.1071921462946586

# a=0.17, pEndemic=0.4, g=10.0
1.480166048678641
1.5530864090521665
1.6010664115871525
1.6717661668543295
1.7008858076338713
1.7207716227201055
1.6127429901402104
1.186313448781762
0.6897102378753046
0.45656138316126293

# a=0.28, pEndemic=0.6, g=0.0
1.0
0.7176505412235572
0.6492319813310073
0.6388883826585361
0.6644580323703261
0.695634682091431
0.7572133358586353
0.8417223194927324
0.8973146467350924
0.956611590330867

# a=0.46, pEndemic=0.1, g=5.0
2.9511399756784855
2.9296659141624946
2.7499008444849156
2.435373857070341
1.6766322514921033
0.7792837965835832
0.36961363414973747
0.25461966336317904
0.21095661545775396
0.24445928451249227

# a=0.13, pEndemic=0.8, g=0.0
1.0
0.8168417267253589
0.786898098831789
0.8147703321123764
0.8633498123357957
0.9163247388289151
0.9539703751001679
0.9742937261304113
0.9891862121221698
0.9940042919547739

# a=0.13, pEndemic=0.3, g=15.0
1.562033253682995
1.9636764946629615
2.2104764068313045
2.468337266077963
2.670858065995724
2.8312391907412864
2.898952614969277
2.6068354952079296
1.8280871347283407
0.941432331083574

# a=0.22, pEndemic=0.6, g=10.0
1.3294155932165161
1.3500012936770827
1.3894034095756647
1.4359368971133333
1.4754318631020513
1.491662928367696
1.328427640509921
0.927031431500907
0.6217125161789104
0.6059868622723119

# a=0.22, pEndemic=0.4, g=20.0
1.5969563811540106
2.402826565681829
2.8432644754882137
3.231465980708146
3.6805046840869156
3.9311371859074757
4.2117497028100725
3.9062117273946106
2.7736795168435173
1.4301536179420138

# a=0.17, pEndemic=0.9, g=5.0
1.0561500110222513
1.059828953847241
1.065392730401144
1.046335018749128
0.9721493039648005
0.8831720025648996
0.8769983380925622
0.9156674212300795
0.9621273255053147
0.9881738851194924

# a=0.1, pEndemic=0.9, g=0.0
1.0000000000000002
0.8921119748172015
0.8745187342994062
0.9136401693252518
0.9473060580750321
0.9645702618154517
0.9846402445907858
0.9926790470772555
0.9948194874962201
0.9961088337630896

# a=0.77, pEndemic=0.2, g=10.0
5.588308625070192
6.054026640837251
6.439599684282111
6.684058320722123
6.699455003259087
6.342011300764404
4.85545480957426
2.7915152219805726
1.0996717261648397
0.2883721043056026

# a=0.46, pEndemic=0.7, g=15.0
1.4359372250073874
1.5148924974847735
1.6057103383657925
1.715076367864069
1.8405008049389444
1.9800714360193852
2.0332906245729325
1.8464290869576265
1.1579581287058707
0.5852265833222793

# a=0.1, pEndemic=0.9, g=15.0
1.0457574905606752
1.0540392964224312
1.0570004066339596
1.0700704399154124
1.0824944904474536
1.0931264652779298
1.1007268126823961
1.036212172654445
0.888737486340935
0.869023308394383

# a=0.77, pEndemic=0.5, g=0.0
1.0
0.7327834269973078
0.6371438454866731
0.5904290920600115
0.5717240194438954
0.5766141351295615
0.5637354690356763
0.5748351880105794
0.6016066356428633
0.6448344419397993

# a=0.6, pEndemic=0.8, g=15.0
1.4307211967087203
1.4540337182723966
1.5445535022303798
1.6367506855194351
1.722148832624562
1.875698656048203
1.8998321850083235
1.6530793591524355
1.0856999831432694
0.6507123405450621

# a=0.36, pEndemic=0.6, g=15.0
1.4780436789989781
1.5906203778077284
1.6982322877799199
1.8556112413426653
2.0152228199643023
2.149877370063016
2.227710451629805
2.012159256917237
1.3006204006790372
0.5980654871194645

# a=0.6, pEndemic=0.5, g=0.0
1.0
0.7088882913412446
0.6254909329258124
0.5860118666572511
0.5778424974806313
0.5731145905264803
0.5907710631397936
0.6115290043383889
0.6674336529540467
0.7503779873866048

# a=0.77, pEndemic=0.0, g=20.0
11.747780271448287
25.42573417087416
31.036043095452246
32.587381162964874
32.587381162964874
inf
inf
32.587381162964874
25.42573417087416
14.517029418015072

# a=0.28, pEndemic=0.7, g=5.0
1.2487652380122627
1.273805354282557
1.2674701011096223
1.2211455374611513
1.0158705829240986
0.7578314870794068
0.6747751974587763
0.7075316272084968
0.8019212777094071
0.9132304480841466

# a=0.17, pEndemic=0.5, g=15.0
1.3872064700822684
1.514622393104863
1.623662989838837
1.7731327927302116
1.8839186731327338
2.0198734559768807
2.1048489220357562
1.9285609461381115
1.3028551885059767
0.6315160008218723

# a=0.46, pEndemic=0.0, g=0.0
1.0000000000000002
0.45895178038602846
0.2855908225941603
0.21642943226314518
0.1690192152368662
0.1372563217798394
0.11467677443223245
0.1008152169722554
0.08903177804839324
0.08958388191993631

# a=0.13, pEndemic=0.9, g=5.0
1.049551556114825
1.0516417214179299
1.0541617425002223
1.037601281443767
0.9605356600014712
0.8725654637591655
0.8843341688861132
0.9301869912014203
0.9742937261304113
0.9899243794616952

# a=0.13, pEndemic=0.2, g=10.0
1.7286170964074141
1.8301336638844496
1.912573688110542
1.994233545008908
2.017717941906523
2.0750727423036444
1.9999999999999991
1.6002776354986676
0.9437799244497407
0.47129684435885316

# a=0.22, pEndemic=0.7, g=15.0
1.2381428261623235
1.2676378303299403
1.3094521885574095
1.3749463677548168
1.4500269517469262
1.5083029585535428
1.5651214832262383
1.471742209588515
1.0127304276336377
0.6122990224745104

# a=0.17, pEndemic=0.8, g=0.0
0.9999999999999999
0.8254961400123838
0.7962930813946482
0.8148750803559583
0.8506599335983701
0.9004367203015948
0.9327921714839275
0.9646161843607843
0.9849323608095719
0.9920884522424108

# a=0.13, pEndemic=0.0, g=20.0
3.0221326280183654
4.514384052547876
inf
inf
inf
inf
inf
inf
inf
2.648575000632851

# a=0.17, pEndemic=0.9, g=0.0
0.9999999999999999
0.9113952749331686
0.8907800808421805
0.902108863245791
0.9369331070601672
0.9522802214889869
0.9724653766870313
0.9820308231542793
0.9927435281497319
0.9940559655570337

# a=0.13, pEndemic=0.1, g=20.0
2.058456133355402
3.7255292923519248
4.514384052547876
inf
inf
inf
inf
inf
4.514384052547876
2.3311168130547135

# a=0.22, pEndemic=0.6, g=15.0
1.3279342178039637
1.3921157183618726
1.4891397304134852
1.5679529827881507
1.6730800553591483
1.776415018662867
1.8658570952079925
1.718705556076359
1.149629692087329
0.5851580551466741

# a=0.13, pEndemic=0.8, g=5.0
1.100498531816431
1.1112610544193575
1.1122081909861619
1.0881586152052196
0.9553452512353336
0.7990071129745967
0.7741288438008744
0.8443236077458356
0.9390959281947276
0.9804138433632115

# a=0.13, pEndemic=0.3, g=10.0
1.544547106045473
1.6132795389997638
1.6734867978367816
1.7490426777062107
1.8022318132611914
1.8342525370372385
1.766739293747618
1.347340521764842
0.7883648620833997
0.4407306363124845

# a=0.77, pEndemic=0.1, g=20.0
8.033386810769976
19.15196093537323
24.878220262047982
28.384013152335363
29.081588272677063
32.587381162964874
31.036043095452246
25.73198320921954
19.838131962480723
11.24616759207188

# a=0.28, pEndemic=0.6, g=5.0
1.3514657196414919
1.372818802398413
1.3759818610008514
1.3100092628520739
1.0536976926896495
0.733677022765346
0.5882887053133578
0.611382890178712
0.7166718851410069
0.875704421398593

# a=0.17, pEndemic=0.4, g=15.0
1.4872058218435311
1.7551338420666158
1.9513837195835542
2.1264189805810463
2.2766867363451566
2.4337503431085667
2.5660338729846566
2.3515895852824276
1.561104113720899
0.7740610718721068

# a=0.46, pEndemic=0.1, g=0.0
1.0000000000000002
0.505581052126398
0.34783532024869185
0.27072702118784114
0.23871128731720956
0.21688655192504094
0.21110832450671885
0.2181063315669348
0.2582341622880167
0.360040271782189

# a=0.6, pEndemic=0.4, g=0.0
1.0
0.6630338979030309
0.5514602002488432
0.5060664209562543
0.4904114759621036
0.48588984256452183
0.4972135689138093
0.5152141721300153
0.5639539973529032
0.6688106067907787

# a=0.46, pEndemic=0.6, g=15.0
1.6057103383657925
1.7516888558352144
1.9249393682111593
2.097965417136594
2.256393115529119
2.4787668525403523
2.588333499300123
2.2728362929250756
1.3881361670708157
0.5954099533302755

# a=0.1, pEndemic=0.8, g=15.0
1.0958256317158364
1.111820506081675
1.1284270644541214
1.1493537648169339
1.1713401034646802
1.2083093509798826
1.2232988160115896
1.1372724716820257
0.8658228924232337
0.7311880962602196

# a=0.77, pEndemic=0.4, g=0.0
1.0
0.6762088955845881
0.5632921493610916
0.5183412538837137
0.49301451384142697
0.476944950909491
0.4821493096088599
0.4843198834727268
0.48692619859205516
0.5473667551004219

# a=0.6, pEndemic=0.9, g=15.0
1.198296078816094
1.205530437341035
1.2569336393940937
1.308576815394431
1.339375723058677
1.3972637652786235
1.4161392656809164
1.2842818803251286
0.990885712619759
0.8060181438947853

# a=0.36, pEndemic=0.7, g=15.0
1.3272231249160893
1.3883450134912334
1.4578704069881527
1.530842010234245
1.6612095672001606
1.7559435248740274
1.8356151354336434
1.6537580323959775
1.0780745569112276
0.596984130801247

# a=0.1, pEndemic=0.8, g=0.0
1.0000000000000002
0.8043770564130633
0.778846678045295
0.8201610719768134
0.8810742471742237
0.9288547095489172
0.9605858808238629
0.9833844524428227
0.9905491042013064
0.9952488444089992

# a=0.77, pEndemic=0.3, g=10.0
4.651384682899244
5.0337677533073375
5.373556517455104
5.6397551533376244
5.724219299728249
5.314787909736286
4.027640681658086
2.241039589756875
0.8657381383160575
0.27190523814187173

# a=0.17, pEndemic=0.8, g=5.0
1.1185102670117837
1.1230332975168136
1.1263456934137739
1.0960297140754425
0.9646161843607843
0.812250756819568
0.7733941253724326
0.8276934737323672
0.9139546799130591
0.9746828562818536

# a=0.22, pEndemic=0.5, g=20.0
1.442944350238564
1.9084070752121545
2.201006241665221
2.460521234899323
2.7780972340589454
3.068428165197836
3.2676638755844234
3.1488024509036823
2.1845627467835276
1.0806851570983538

# a=0.22, pEndemic=0.7, g=10.0
1.221981712053773
1.247246594518052
1.2767038101780581
1.3080148729494219
1.3418913374524948
1.328427640509921
1.1773125166575091
0.8716291293518925
0.6719996044297462
0.7224775529882307

# a=0.13, pEndemic=0.9, g=0.0
1.0
0.8963924159083608
0.8775326784637052
0.9025346394052968
0.9328098363675116
0.9605356600014712
0.9782450653963912
0.9884491548091375
0.9943768826384732
0.9962440964044549

# a=0.13, pEndemic=0.2, g=15.0
1.7490426777062107
2.391705330845922
2.7717550136819322
3.1257043055116247
3.385788039410866
3.43742976082879
3.6361656537472684
3.257192026273923
2.3604754691097707
1.2211066482397188

# a=0.17, pEndemic=0.5, g=10.0
1.3690419833779477
1.4128323986965845
1.4543367410044872
1.5007476333529217
1.539108039192207
1.5486808610680975
1.423980372658916
1.0261586295065637
0.6388204506806963
0.5145728186061307

# a=0.28, pEndemic=0.7, g=0.0
1.0
0.7891616135684313
0.7263156965103867
0.7233509157770797
0.7537196371479888
0.7917400638128362
0.8357814111513913
0.892651056853121
0.9439706127349523
0.9724334124022146

# a=0.46, pEndemic=0.0, g=5.0
3.660074454495629
3.461877537779951
3.1357166842594424
2.693414785385505
1.8605508390886696
0.823429687071253
0.347329282285281
0.20822890430710475
0.14429536331926007
0.11467677443223245

# a=0.36, pEndemic=0.4, g=20.0
1.872040086149782
3.0685562695300894
3.6796332677044985
4.265947032889158
4.885064917070775
5.380278562327902
5.563522641499152
5.092742948547956
3.5874893084608
1.8311558676092594

# a=0.6, pEndemic=0.5, g=5.0
2.078215174901515
2.0495625254615026
2.018027559027713
1.780575148950241
1.2270288937297857
0.7196026169753703
0.5256847760167083
0.4886518217411773
0.5116516321313959
0.6139383771828029

# a=0.46, pEndemic=0.5, g=20.0
1.8458890230953808
2.6086749733590997
3.1805916867080324
3.6868577199401726
4.238666437372688
4.771244654604799
5.070437653641593
4.641860487884518
3.1836396934816036
1.48313452808829

# a=0.77, pEndemic=0.5, g=5.0
2.894472247195212
2.9034507632983044
2.726985149223949
2.2075103665229707
1.3249696304208276
0.7092240899192318
0.5425138544879323
0.4843198834727268
0.48692619859205516
0.5288705221655623

# a=0.1, pEndemic=0.9, g=10.0
1.047207556955908
1.0530567293021746
1.0565054840938977
1.0624821079826534
1.0690509688324767
1.0565054840938977
0.9821322810364945
0.8840568230609448
0.8807441107220633
0.9484616094846725

# a=0.46, pEndemic=0.7, g=10.0
1.4218757685321426
1.4697601153172701
1.5236914344241925
1.6021306772404262
1.6151545669953606
1.585261864544748
1.3475346070508158
0.9191650639567076
0.6479968333967736
0.6348582464736767

# a=0.36, pEndemic=0.6, g=10.0
1.463093047717521
1.5104783754582827
1.5685022678421505
1.6286321797674632
1.689394235909277
1.6828176763788347
1.4406601597532556
0.97928514558349
0.6058503661410327
0.5431909207267657

# a=0.6, pEndemic=0.8, g=10.0
1.3896846037806483
1.4266597529511322
1.4722211523684638
1.5454155080518697
1.5718906985272707
1.51801786599884
1.2573057034813053
0.9203994869734315
0.7181894824384619
0.7210167723420553

# a=0.1, pEndemic=0.9, g=5.0
1.0438315695246365
1.0462403082667715
1.0486624812040821
1.030584087646019
0.9535048356652919
0.8716007312821938
0.8768019249680012
0.9385475209128069
0.9755143323008331
0.9939620450026827

# a=0.17, pEndemic=0.7, g=20.0
1.2027132529046376
1.270314155839213
1.3398075159160057
1.4289277240868579
1.533099716561233
1.6420008142753624
1.769227255822762
1.8208141501750164
1.4169871254183946
0.7267201814887116

# a=0.77, pEndemic=0.2, g=15.0
6.08768730176324
8.715377101223414
10.336401863317773
11.698622373212078
12.697565301663094
13.181383805124014
12.239879419732686
10.469849234216905
6.964056343929097
3.188376267625984

# a=0.22, pEndemic=0.1, g=5.0
2.1342021134918316
2.093671222303605
2.0422604429575757
1.8919830536173428
1.5063614198857194
0.8343873420033997
0.391604953376745
0.2707334592691791
0.2593878490147313
0.3746180799271098

# a=0.17, pEndemic=0.5, g=0.0
0.9999999999999999
0.6358524892774745
0.5476899538362985
0.5481369620424741
0.5939178878215632
0.6744030298455812
0.7630469082509042
0.856035934536223
0.9295597616374892
0.9769090833533409

# a=0.13, pEndemic=0.4, g=5.0
1.393902995441226
1.4093014247652067
1.4225136269011867
1.3652793409047097
1.1212984636336973
0.7112724824578956
0.47283777207539984
0.47852965259119956
0.6327668864394023
0.8459729969213904

# a=0.6, pEndemic=0.8, g=0.0
1.0
0.8779453845621938
0.8415009837873851
0.825618216982102
0.8271110983089105
0.8309979262305588
0.8381939466684772
0.8626776797433787
0.891171525394795
0.9207127805948045

# a=0.17, pEndemic=0.8, g=15.0
1.1263456934137739
1.135134380076137
1.1619103012840772
1.1923493119944841
1.2235366848284632
1.2639192111422548
1.2938434548108597
1.1942195633525385
0.9046264042123994
0.7200101480479343

# a=0.28, pEndemic=0.1, g=15.0
2.620188198707114
3.968258834151808
4.675887140596869
5.509273288269561
5.601799770243362
6.146313415607331
5.97101917511517
5.162183998531368
3.8229899223440045
1.9763127641666913

# a=0.1, pEndemic=0.4, g=0.0
1.0000000000000002
0.5620909644605017
0.46079840070587236
0.47755576649368026
0.5410601381096741
0.6595558851598817
0.772884917410875
0.8771290771355645
0.9469215565165804
0.9854794612420762

# a=0.36, pEndemic=0.1, g=0.0
1.0
0.4881630373215938
0.33165429654094813
0.26707660194150656
0.23781469395789154
0.2250439532639452
0.2255368070480166
0.23581992552939735
0.288001254961757
0.44574008789984343

# a=0.1, pEndemic=0.4, g=15.0
1.3788237182249654
1.5883802940367693
1.7471469690201062
1.876148359032915
2.0222763947111546
2.1549019599857426
2.229147988357855
2.0757207139381206
1.4461169733561252
0.7217037919087262

# a=0.77, pEndemic=0.8, g=0.0
1.0
0.8883534731061051
0.8518503900474649
0.8423019187896329
0.8346802619919468
0.825649220032957
0.8342044121751251
0.8403950807500533
0.8494610372893516
0.8748644170135023

# a=0.6, pEndemic=0.5, g=15.0
2.267627619252964
2.6415746280534016
2.982855530617585
3.3580033150636424
3.7910276306312
4.155560268822085
4.108698071969662
3.4538965775536483
2.0389943257389462
0.7775635074114622

# a=0.22, pEndemic=0.0, g=0.0
1.0000000000000002
0.4308680001222166
0.26894470814539967
0.19574736443612692
0.1590344601473652
0.13770388725078658
0.1174350997503351
0.11546561579187938
0.11373731484764711
0.15476296477827167

# a=0.22, pEndemic=0.9, g=20.0
1.0682520696732114
1.0793296999551527
1.0947413828046801
1.113010210125017
1.1321653978445303
1.1598752575380762
1.2078495347899763
1.2278898969219816
1.0885334871239245
0.8350885768183867

# a=0.17, pEndemic=0.4, g=5.0
1.4678637014505795
1.463318593682427
1.467103636917117
1.418378859368588
1.148795508992463
0.7131792258291894
0.47093717912835686
0.4743274489362354
0.5986255483985482
0.8132036448987046

# a=0.13, pEndemic=0.5, g=0.0
1.0
0.6154319277218043
0.5416241423577103
0.5640311220230543
0.6111496794382343
0.7042109778153794
0.8160639275341506
0.8915334614118464
0.9468148754517814
0.9844150330996462

# a=0.6, pEndemic=0.6, g=20.0
1.9639014905102485
2.4559546977947067
2.9070787857332143
3.3953551308211787
4.031980422593635
4.4459132828760755
4.929777427577063
4.634961481146029
3.117660354675628
1.2857915123174053

# a=0.36, pEndemic=0.8, g=20.0
1.210966013618381
1.2558258160656979
1.311025438922211
1.3863256036672635
1.484266818182926
1.588633958872311
1.7275198552715971
1.7840051948236741
1.4203995120389268
0.7549787302538619

# a=0.46, pEndemic=0.9, g=20.0
1.1381722785923778
1.1522739407887235
1.1799829501045684
1.2092889944268899
1.2470546164414062
1.3106660237035865
1.3843574605431483
1.4359372250073874
1.2305422010740437
0.8438496254010563

# a=0.6, pEndemic=0.9, g=5.0
1.1735407873194899
1.183907074754687
1.1771091718091273
1.1312199493146937
1.0127660334307205
0.9075974279905793
0.8819345696492891
0.882856306395018
0.9010725558332653
0.9298201749759523

# a=0.1, pEndemic=0.7, g=20.0
1.1511952989481964
1.2027324591692838
1.2604276555499088
1.3325470471100465
1.4122890349810893
1.5016894462104
1.5951662833800624
1.6270879970298944
1.2958494831602012
0.7055337738384072

# a=0.28, pEndemic=0.0, g=10.0
3.3312187068141323
3.5356885548306183
3.6255655667183757
3.657964679528483
3.649738770482963
3.501076474841973
3.2290532433461956
2.6917577235209817
1.7135205208369986
0.7362798982869971

# a=0.17, pEndemic=0.9, g=10.0
1.0579864845946718
1.0635320368896788
1.0782108006282214
1.0835746357322424
1.0893787441162794
1.0736534582514505
0.9963601010502862
0.8943475723234665
0.8661578731031764
0.9372300540971639

# a=0.28, pEndemic=0.2, g=20.0
2.2166968206967783
4.2449517570497
5.3516329847837785
5.97101917511517
6.690827060971192
inf
7.2353407063350526
6.3723069973023545
4.738766061210701
2.6471245679511117

# a=0.1, pEndemic=0.5, g=5.0
1.278189384787454
1.2856702402547675
1.2924298239020633
1.255707016877324
1.0447934624580586
0.6895191085373249
0.5304725208129862
0.5900668766687055
0.752517739322946
0.9193735130781946

# a=0.36, pEndemic=0.0, g=5.0
3.193169284211552
3.007497250468306
2.7836014795799686
2.443269998540839
1.7767636752744964
0.8540224578945217
0.3656144799706963
0.21816993137085655
0.15803892621544624
0.1363107691298035

# a=0.77, pEndemic=0.9, g=5.0
1.3120090406480958
1.326051663925557
1.3066217256954644
1.2020095774647699
1.0314329782769271
0.9183924228630493
0.8869059402883255
0.8835304919465687
0.8926993603689619
0.9145031514255068

# a=0.1, pEndemic=0.5, g=10.0
1.293282217663242
1.317854923626168
1.346787486224656
1.3872161432802643
1.4213607900319272
1.4400933749638876
1.3419886033428878
0.9939620450026827
0.6352614449446015
0.5433303705762424

# a=0.6, pEndemic=0.4, g=10.0
2.5537678585889743
2.700564170353412
2.9498937680528545
3.043066522191987
3.186218167879879
3.0654288617615544
2.518726504989011
1.5137714105615554
0.6765394980050777
0.32045395738757804

# a=0.17, pEndemic=0.0, g=20.0
3.2245891521151315
5.197835609774065
inf
inf
inf
inf
inf
inf
inf
2.9789183428965234

# a=0.28, pEndemic=0.9, g=20.0
1.0762484917601174
1.092807091777069
1.1074671879155633
1.1289909215940992
1.1562387560384495
1.1901634630055107
1.245690607332502
1.2623600641936843
1.1081108316515806
0.8355538094879529

# a=0.77, pEndemic=0.5, g=15.0
3.3667843695037782
3.9366426444832285
4.568414099073962
5.250866391634733
5.866908767279534
6.388461921593888
6.406792877086883
5.134915989537897
2.819393447882349
0.9276453184180063

# a=0.77, pEndemic=0.2, g=5.0
4.749410636819232
4.592481497916011
4.1130005669649385
3.2122202921880287
1.7586813536778483
0.6780356182009173
0.36504608844516334
0.27437075457165655
0.23307814720613862
0.24570478174183646

# a=0.46, pEndemic=0.0, g=10.0
4.448770226044191
4.670585446721771
4.803043363067753
4.781757221234077
4.730032105219705
4.550490100937163
4.070173520267545
3.156463912811126
1.8610970881999984
0.6974996165570188

# a=0.36, pEndemic=0.1, g=10.0
2.884489317175046
3.015990211296816
3.211224218158251
3.3721382688210255
3.4453840546423207
3.3449053890428124
3.041920405686511
2.3396672916285226
1.3099053080414473
0.5234436368382778

# a=0.36, pEndemic=0.3, g=20.0
2.1281155222761927
3.8844893171750443
4.87077550132698
5.789160949256996
6.364491000800607
6.97977793060258
7.2613633279156975
6.364491000800607
4.643886321073646
2.439712850127427

# a=0.6, pEndemic=0.2, g=5.0
3.1822352261417817
3.087101838530734
2.964969474818773
2.5109455490979626
1.5965151136341809
0.7173420911018173
0.38300738628357156
0.286848947818292
0.2645377751320494
0.29593618794461735

# a=0.46, pEndemic=0.2, g=20.0
2.9085440721836755
6.300928342394965
7.56975908851164
8.895684709177244
9.55351688574792
10.44613952889208
10.96829030242588
9.55351688574792
6.8756489563162395
3.7351121207250673

# a=0.46, pEndemic=0.7, g=5.0
1.4052789144401803
1.4199348755337728
1.4056624683553458
1.3160221201283266
1.047912394946839
0.7731660546236713
0.6699079192082678
0.68187927632823
0.734093817427871
0.8403825172204092

# a=0.17, pEndemic=0.2, g=10.0
1.8352115593295164
1.9460344109941803
2.040472378792479
2.1264189805810463
2.1993393409545727
2.2049269888861756
2.1048489220357562
1.6368469169866922
0.9510613272121518
0.45618130828049824

# a=0.28, pEndemic=0.0, g=0.0
1.0
0.44655935930057544
0.2735986532852158
0.2030782919475981
0.16108689155100694
0.13621848783052648
0.12031053342925045
0.1121132367614388
0.10741571919144964
0.13165366150736224

# a=0.13, pEndemic=0.5, g=15.0
1.3292964097706983
1.444423107626461
1.549149421745102
1.6631676162543474
1.7869732107805685
1.8597202404368947
1.958319687017741
1.8468209954388017
1.2573390912410005
0.6267440919350606

# a=0.22, pEndemic=0.0, g=10.0
3.096536503419
3.240331164300567
3.3362160798963885
3.3679235892113204
3.3466170233760946
3.2055628073443163
2.9785201796356544
2.557777794313615
1.6865247183357577
0.756883574858606

# a=0.22, pEndemic=0.2, g=20.0
1.993212208893109
3.6805046840869156
4.562201147313094
5.167361935354952
6.0829348630842
inf
6.0829348630842
6.0829348630842
4.173999642093156
2.296371052552809

# a=0.77, pEndemic=0.4, g=10.0
3.9099725905348985
4.12085582507853
4.482263009201901
4.632077305776943
4.943572597324004
4.488441067135932
3.338296623180526
1.7811644814328604
0.6977281662198199
0.2908482582787011

# a=0.46, pEndemic=0.1, g=15.0
3.5259402027345206
5.451963516107452
6.677136445367718
7.3977997298500515
8.138743469070278
8.29042237299393
7.768271599460193
6.823079115928752
5.077058656713142
2.6116073061493896

# a=0.77, pEndemic=0.3, g=0.0
1.0
0.6213587738066659
0.5004205164501946
0.4359917468348211
0.4065192192015263
0.38065153438043375
0.38488017146784104
0.3861496744758567
0.4035418978206071
0.4501679629918534

# a=0.36, pEndemic=0.0, g=15.0
4.235827499691224
6.364491000800607
7.43982105234424
7.93982105234424
8.33669337945944
8.33669337945944
8.33669337945944
7.658235655031078
5.789160949256996
2.954019671381878

# a=0.6, pEndemic=0.3, g=0.0
1.0
0.6091225932314693
0.4841342462233248
0.4314531522936065
0.40334829309372067
0.3949470133715811
0.39806328139713776
0.41686578830531446
0.46890175320269595
0.5623879051182014

# a=0.77, pEndemic=0.6, g=20.0
2.780420560879731
3.5928627261854755
4.421024979024867
5.431659257907424
6.242936100377794
7.271289580465714
7.956089829348525
7.309872130412805
4.686385402021807
1.8407417078971668

# a=0.46, pEndemic=0.6, g=0.0
1.0000000000000002
0.7566064602386783
0.6759885212809238
0.6537606426104928
0.6645029660013653
0.6707748207964741
0.6955090553455991
0.7393421620706655
0.8066971334329992
0.8849190373556471

# a=0.28, pEndemic=0.1, g=5.0
2.327083560659322
2.2928907572892725
2.2101229987709248
2.0060351165141284
1.5558169646327882
0.8182235924278077
0.3866305677355914
0.27159805678155413
0.2429336911776068
0.3405873359451196

# a=0.17, pEndemic=0.3, g=15.0
1.6389028312123066
2.100165510669119
2.3931322547206917
2.639872917967361
2.9063334047205602
3.0752104833104763
3.1600219186078937
2.8334130443470333
1.9826932588496122
1.0019953391350396

# a=0.13, pEndemic=0.4, g=10.0
1.4225136269011867
1.4712869822270247
1.5287710262967196
1.56800340082911
1.6239352417219575
1.6417605886953723
1.544547106045473
1.1537370633950272
0.6980636185454833
0.46772007462076237

# a=0.22, pEndemic=0.1, g=15.0
2.3591046023828657
3.583680967677446
4.294413232614573
4.709575471490237
5.167361935354952
5.35736048452103
5.167361935354952
4.709575471490237
3.554322967283616
1.8353862954587388

# a=0.13, pEndemic=0.6, g=20.0
1.245376111542444
1.415422826623355
1.5321091301467054
1.6809929632277625
1.8447037436765819
1.9801074082042454
2.1400395606542353
2.1361952819607914
1.5977181361012802
0.7859226895132557

# a=0.1, pEndemic=0.2, g=10.0
1.6345120151091006
1.7281583934635
1.804100347590765
1.886056647693163
1.931814138253837
1.962573502059376
1.8996294548824393
1.5670307091255942
0.9347938719456883
0.47664379334520734

# a=0.36, pEndemic=0.7, g=5.0
1.3158942068443924
1.3173971746552242
1.3189024538361482
1.2625579129371123
1.032058676139171
0.7677626419867533
0.6804172998465973
0.6968349890494246
0.7692650330637393
0.8755720136921187

# a=0.6, pEndemic=0.3, g=10.0
2.9981882319956474
3.186218167879879
3.4277870868083578
3.632038732107255
3.7321877721072294
3.60469382135952
2.9981882319956474
1.8312972328879682
0.8232319723605993
0.3050658077980758

# a=0.28, pEndemic=0.5, g=20.0
1.5311609079793929
2.06689717559425
2.408670395525441
2.757259575238864
3.097084460188037
3.4055459083817845
3.657964679528483
3.423745188787941
2.4413712297293917
1.1788090881270459

# a=0.1, pEndemic=0.2, g=5.0
1.6073030467403335
1.6090648928966218
1.5934598195660454
1.5301779840218375
1.3080348972326394
0.7851561519523022
0.40483458520977045
0.3464980530370672
0.4424927980943421
0.687188173787912

# a=0.77, pEndemic=0.9, g=15.0
1.3821941708181704
1.4103008284086949
1.4536908681489285
1.5609152200657168
1.6124670210502343
1.7568641746138995
1.764744858032844
1.4941847155155445
1.0823706732499907
0.8085960116481725

# a=0.28, pEndemic=0.7, g=10.0
1.2631440633963444
1.289870681777135
1.3129288148990543
1.3611805578906186
1.391529098731719
1.4017555608945798
1.2204023329252414
0.8809912192628806
0.6673919933377092
0.6906987679472847

# a=0.6, pEndemic=0.1, g=20.0
4.888917186431439
10.858458283579589
13.95955586120516
15.87964210468848
inf
18.030302207775605
18.030302207775605
15.316471310062155
12.070298840524346
6.602272415283608

# a=0.1, pEndemic=0.0, g=20.0
2.795880017344063
inf
inf
inf
inf
inf
inf
inf
inf
2.552841968657777

# a=0.13, pEndemic=0.2, g=0.0
1.0
0.478659784815727
0.3523517254021211
0.3183543342261444
0.3258245856350816
0.37954579482689066
0.4608948681214572
0.6013566236629918
0.7698667037197765
0.917597838299996

# a=0.13, pEndemic=0.9, g=15.0
1.0516417214179299
1.0575420525934391
1.063514278171181
1.0774446799748432
1.0854580958624445
1.1093722543139433
1.114107972514955
1.0392323745323897
0.8979207708130816
0.8647783852526721

# a=0.17, pEndemic=0.3, g=5.0
1.5981846291680013
1.5877422351284334
1.571974713014983
1.5221083252362693
1.2405635541739204
0.7431153328969763
0.4335894847885037
0.39982005650850744
0.49919378686769383
0.7145788491561639

# a=0.22, pEndemic=0.7, g=0.0
1.0000000000000002
0.7686214244763896
0.7146360092683853
0.7175656884530028
0.7646155130847838
0.8085021397219085
0.8610853044370873
0.9158371590835234
0.9572819682839587
0.9863330579672823

# a=0.1, pEndemic=0.3, g=15.0
1.4894549897933882
1.882728704344236
2.0915149811213505
2.251811972993796
2.455931955649731
2.5850266520291743
2.6777807052660827
2.552841968657777
1.7670038896078462
0.9020489290058502

# a=0.36, pEndemic=0.6, g=0.0
1.0
0.7444515520484115
0.6581156172438085
0.6415752099120677
0.6634989764524011
0.6914640163102888
0.7323802018403377
0.7940628184030862
0.8613103588455404
0.9266860307232452

# a=0.6, pEndemic=0.2, g=15.0
3.736143883636783
5.437080972487258
6.585224860332111
7.609897021568681
7.897392870899551
8.456880474996336
8.08286784157716
6.781447563059114
4.751161763341845
2.2551982747109856

# a=0.1, pEndemic=0.3, g=0.0
1.0000000000000002
0.507938395487401
0.4021951575957071
0.4011001129361171
0.4491603949342149
0.5380515047962383
0.6635402661514705
0.8005190851376442
0.9168558568569478
0.9746941347352298

# a=0.77, pEndemic=0.8, g=10.0
1.726704232479791
1.774466496922966
1.903777652140164
1.9974196118076244
2.0045198711071226
1.8874510506996725
1.4733218524529375
0.9530840597786328
0.7096846460976058
0.6922223677680109

# a=0.28, pEndemic=0.6, g=15.0
1.3837170183769303
1.4778455314816477
1.5830380112257485
1.693596893307071
1.799464483334172
1.9300618233947906
1.997998553985227
1.8491295029447377
1.208239896464816
0.5856353200223555

# a=0.13, pEndemic=0.3, g=5.0
1.516722211255904
1.5265581872297902
1.5199789874958891
1.4683372660779592
1.2169803446808654
0.7561506376274665
0.4391671803750193
0.40698654191147665
0.5244652034010299
0.7712833030318815

# a=0.13, pEndemic=0.8, g=10.0
1.1089011893850331
1.1198519017746502
1.1340174592886514
1.1460584256096684
1.159967778918867
1.1521916821227982
1.013764671132736
0.8350804815260057
0.7649406017444527
0.8670727979657722

# a=0.17, pEndemic=0.2, g=0.0
0.9999999999999999
0.4948369182836746
0.3668755782961059
0.32160386241601435
0.31693364506968896
0.35078223541441106
0.411165277026096
0.5277886682274113
0.69490631599108
0.866944055488214

# a=0.22, pEndemic=0.6, g=5.0
1.2910067331819226
1.3162013331717637
1.3235099241088442
1.2712493021380016
1.048251920425903
0.7314120291633947
0.5893360746252829
0.6298894120997027
0.7476002479550671
0.8993936642018304

# a=0.22, pEndemic=0.7, g=5.0
1.214462318557591
1.2261964440423596
1.2402990352639616
1.189998549166078
1.0006006787691955
0.7510919638911999
0.6732797166478774
0.7284204208720396
0.8381358941663011
0.9346010990210312

# a=0.17, pEndemic=0.3, g=0.0
0.9999999999999999
0.5439785907905746
0.419173686139832
0.39309815973585543
0.41822560052282964
0.4640886840872861
0.5611041137208984
0.6775814093328923
0.8331010291641361
0.9402081498249868

# a=0.13, pEndemic=0.2, g=5.0
1.6617110237386719
1.6764754840529328
1.6516343071727082
1.5801663827831987
1.3337455448957782
0.7854357118072223
0.40754908417545727
0.34249376811343846
0.4103715209783748
0.6468700931128

# a=0.13, pEndemic=0.9, g=10.0
1.050386552945053
1.057118236725439
1.0592409902417672
1.071301356677674
1.0778864492889344
1.0643734247904615
0.9936319842871929
0.8882206541899007
0.8819577132207118
0.9505499633075376

# a=0.28, pEndemic=0.7, g=15.0
1.2698398378564513
1.3146020149690127
1.3787032279343756
1.4405983448681114
1.5295076619061458
1.6118473684191152
1.661691304707241
1.5350320667819215
1.0385243658618883
0.6003411117159901

# a=0.1, pEndemic=0.2, g=0.0
1.0000000000000002
0.47820835036087667
0.3456309090247141
0.31767438133219295
0.3404640928457836
0.4027437170748583
0.5061238891471772
0.6625407387093439
0.83238732727247
0.9415739755429949

# a=0.77, pEndemic=0.9, g=10.0
1.3483010548057284
1.3931917939326044
1.4274867131127467
1.4699493793855563
1.4936193560099391
1.4080889072907383
1.1952058117960693
0.957012768066039
0.8408717011738677
0.8394420179858222

# a=0.1, pEndemic=0.2, g=15.0
1.6615435063953945
2.251811972993796
2.602059991327972
2.886056647693174
3.04575749056067
3.301029995664029
3.397940008672086
3.0969100130080442
2.1938200260161156
1.1307682802690242

# a=0.36, pEndemic=0.7, g=0.0
1.0
0.792521908794078
0.732793986498576
0.7330009444429955
0.7499115527879315
0.768191661320593
0.8093830186544008
0.8643827985838649
0.9037480735638375
0.9561357010055531

# a=0.6, pEndemic=0.3, g=15.0
3.0673039722391833
4.1311811842736725
4.94195926644488
5.667261460204353
6.1734498271609874
6.523957364603956
6.613720489950084
5.4276617954268955
3.5095341465934418
1.5475721846927963

# a=0.22, pEndemic=0.6, g=0.0
1.0000000000000002
0.7092018042598357
0.633843677200618
0.6409518431262219
0.6804575507619637
0.7348189814736135
0.7914273723365766
0.8800869371730557
0.9348730554840888
0.9769897189583812

# a=0.17, pEndemic=0.2, g=5.0
1.7653485613054236
1.7640615645542832
1.734022660811554
1.6503462207798785
1.350207716071459
0.7912254341683504
0.40813302265521323
0.33391005786813577
0.388024575991608
0.5886082325701538

# a=0.13, pEndemic=0.3, g=0.0
1.0
0.5199136394495555
0.41252749560753477
0.388018010717383
0.4221744831525085
0.5015728152190851
0.6192315050498707
0.7394728983447986
0.8754812547542358
0.9612318860003581

# a=0.13, pEndemic=0.8, g=15.0
1.1079604155438068
1.1232338778791584
1.1445370285656864
1.1625874699268939
1.1901399505479013
1.2318794559728152
1.2497496283174088
1.1646933508067636
0.8822541408201934
0.7233440159942071

# a=0.6, pEndemic=0.0, g=20.0
7.144627385866147
14.87964210468848
18.030302207775605
18.030302207775605
inf
inf
inf
inf
15.316471310062155
8.132118620053529

# a=0.1, pEndemic=0.1, g=20.0
1.931814138253837
3.301029995664029
4.000000000000049
inf
inf
inf
inf
inf
4.000000000000049
2.136677139879546

# a=0.28, pEndemic=0.6, g=10.0
1.3759818610008514
1.4168721718649524
1.4615214711502678
1.5083262070703414
1.558668391124128
1.5473242642327467
1.3683221264921805
0.9507925479021452
0.6186010157173591
0.576745739549582

# a=0.28, pEndemic=0.4, g=20.0
1.6922412982582353
2.6609472202226603
3.1780545814554433
3.602114059959865
4.162183998531342
4.488599275751081
4.646239579236864
4.357367076928044
3.1259536928052247
1.599714816284423

# a=0.1, pEndemic=0.3, g=5.0
1.4659738939438651
1.4788619162959638
1.4672456210075022
1.42712839779952
1.1904402853647325
0.7356544929499077
0.4372314569834811
0.42239332263746443
0.5581478242267084
0.7961515362537652

# a=0.77, pEndemic=0.8, g=15.0
1.7952073632767191
1.8259143535203486
1.9954854620753628
2.16954762682783
2.3703464494959205
2.568768942523449
2.637518429862821
2.181032264673653
1.266989622578093
0.6652668372767907

# a=0.1, pEndemic=0.3, g=10.0
1.4867823999320617
1.5575202309355523
1.616184634019569
1.6655462488490702
1.730487055782085
1.7423214251308154
1.6615435063953945
1.3089185078770313
0.7667499904588997
0.45630436769075533

# a=0.36, pEndemic=0.6, g=5.0
1.4292119872076383
1.4531073436013775
1.4578704069881527
1.3731009805438292
1.0780745569112276
0.7317598526522636
0.597704902258328
0.6076697116360005
0.6802211656721137
0.8204100515072931

# a=0.6, pEndemic=0.2, g=10.0
3.5391506749985053
3.8573001998786927
4.094379814964466
4.275262362870422
4.365999526359124
4.2018965193637134
3.543931178446137
2.275123283250531
1.0609733097709777
0.34434882826542007

# a=0.13, pEndemic=0.7, g=20.0
1.1705316149920924
1.2336981705671641
1.2985406623816005
1.3797912140196027
1.4538492254559592
1.5644125934078539
1.6749788629792723
1.7336442483822303
1.352730994235159
0.7199253934463191

# a=0.22, pEndemic=0.0, g=15.0
3.3788403048853017
4.899574020656284
5.625148399219576
6.0829348630842
6.0829348630842
inf
6.0829348630842
6.0829348630842
4.899574020656284
2.431044095646844

# a=0.13, pEndemic=0.5, g=10.0
1.3197929662391257
1.3589650117640166
1.3964360399461075
1.4251993488034487
1.4644317233358382
1.495546433416159
1.3814304898646894
1.016486614776731
0.6390451079502728
0.5465323064743045

# a=0.77, pEndemic=0.7, g=20.0
2.2369181490202243
2.6215431647030023
3.0356410326616428
3.5240100249405164
4.129853055437963
4.86090311301855
5.4778241795214315
5.381356867653802
3.5403834162222805
1.3060834111750939

# a=0.46, pEndemic=0.7, g=0.0
1.0000000000000002
0.8076612227616875
0.7501340173732665
0.728413251266477
0.7446119838530382
0.7589259534101408
0.7849568553645185
0.8283206244377982
0.8693957354876917
0.9291949826447174

# a=0.28, pEndemic=0.0, g=5.0
2.8461817804021385
2.7416517677431624
2.5188843389842974
2.254562807764416
1.7254392156041976
0.876183571847033
0.37413670177143526
0.22903699568662778
0.17529424049216036
0.1582952156836848

# a=0.17, pEndemic=0.2, g=15.0
1.8484909445003992
2.5660338729846566
3.0131317167111655
3.4043078244792673
3.6331311787016305
3.7954839322473557
3.7954839322473557
3.4043078244792673
2.4684904064908793
1.2916128280696832

# a=0.6, pEndemic=0.2, g=0.0
1.0
0.5623879051182014
0.42317363797085306
0.3569937550304167
0.32160719170014673
0.3085004221459394
0.30827126028568674
0.3119410730796274
0.3406178154596101
0.4304772723187754

# a=0.46, pEndemic=0.0, g=15.0
4.950704222356848
7.358172533688267
8.462381731655615
10.075667659281955
9.78830735232131
10.075667659281955
9.78830735232131
8.772945950365987
6.823079115928752
3.533926474907741

# a=0.77, pEndemic=0.2, g=0.0
1.0
0.5752798472530141
0.42913729117154764
0.3705218328502561
0.32860106235668085
0.30159681549665257
0.294978746045965
0.2813650247707172
0.28878468536463425
0.3294349922743725

# a=0.36, pEndemic=0.1, g=15.0
2.964079447438599
4.750771417361433
5.563522641499152
6.133111869580123
6.6680730000915185
6.761363327915769
6.5045591933333835
5.864491000800592
4.370775501326986
2.2469599922705124

# a=0.77, pEndemic=0.5, g=10.0
3.2344313753889353
3.4159860019611474
3.7374480641156658
3.85508732846021
4.019974300638674
3.649049750484214
2.738708385177156
1.4313781036596835
0.6042941120684306
0.34824663029313924

# a=0.22, pEndemic=0.3, g=20.0
1.7812963879734676
3.0155642581782427
3.7539632389454707
4.294413232614573
4.797765780502398
5.167361935354952
5.35736048452103
4.899574020656284
3.5125966979207313
1.85810658911427

# a=0.22, pEndemic=0.1, g=10.0
2.2836697714696843
2.4577864638646236
2.6004020193025355
2.7187865874562793
2.7870223193575616
2.760600945683749
2.614090514711781
2.082754506629624
1.262704083193435
0.5488512428736617

# a=0.13, pEndemic=0.4, g=15.0
1.4342595517068044
1.6617110237386719
1.8468209954388017
1.9885341433399646
2.1323809201362067
2.2721213942417413
2.3485201685937125
2.206040693111799
1.5199789874958891
0.7493208519593094

# a=0.46, pEndemic=0.6, g=5.0
1.5677407471827547
1.5712259516392295
1.5642649494973835
1.4649309261806254
1.107073096426865
0.7436939426374349
0.5854294635528129
0.5982757869162961
0.6458686189632203
0.7619475538196724

# a=0.17, pEndemic=0.3, g=10.0
1.6451158976075158
1.704344538567009
1.7863499736760888
1.8590398092186682
1.9000439938899278
1.9268429909886458
1.8294084456688164
1.3992001457501753
0.7988440724400074
0.4254953067224249

# a=0.28, pEndemic=0.1, g=0.0
1.0
0.4842010695726691
0.33035296534344516
0.2607944091943912
0.227671248399633
0.22025377635598947
0.2306158140699991
0.25860772125257464
0.34192158138197476
0.5280336987448793

# a=0.36, pEndemic=0.2, g=20.0
2.483276372771336
5.024026486993336
6.364491000800607
7.43982105234424
7.93982105234424
9.015151103887803
9.015151103887803
7.93982105234424
5.789160949256996
3.188071316465984

# a=0.6, pEndemic=0.3, g=5.0
2.7327147919486054
2.702120303335967
2.617572915108851
2.239771755251742
1.4441840613223922
0.6948792492399828
0.4214733703135248
0.34504918550464886
0.34154990222354525
0.4011845180253171

# a=0.46, pEndemic=0.3, g=20.0
2.476121629575389
4.7049283422367765
5.892391171612142
7.047608314977861
7.524569109355934
8.212351060460186
8.660894242604115
7.56975908851164
5.47888677394674
2.9023971284808714

# a=0.77, pEndemic=0.3, g=5.0
4.027640681658086
3.9732148642436464
3.589928247876814
2.853117686954699
1.5747485720939929
0.6684550397266792
0.41589162672073865
0.33485997173087795
0.315698337714842
0.3386202378293437

# a=0.46, pEndemic=0.1, g=10.0
3.384697732558122
3.6556642369638706
3.822288557306418
4.04015392642417
4.034233078014164
3.932064628744294
3.533926474907741
2.544867903096449
1.358952170782469
0.49589200512304776

# a=0.36, pEndemic=0.0, g=10.0
3.8389551725760214
3.9486964354497753
4.110703224828647
4.13715909463081
4.059844637755776
3.9214298368230343
3.6146263066114184
2.8938559685047114
1.787646144816656
0.7194347253372638

# a=0.17, pEndemic=0.1, g=20.0
2.224931284790529
4.099665438239895
5.197835609774065
inf
inf
inf
inf
inf
4.415483394237886
2.491341618437208

# a=0.28, pEndemic=0.8, g=20.0
1.1693548564913923
1.2133767386368413
1.2541749691310813
1.303376466628242
1.3782490115956951
1.4721957925206082
1.570758706614075
1.6266581851776745
1.325141039899206
0.7453570364132748

# a=0.77, pEndemic=0.4, g=15.0
4.106280300985662
5.08256301151971
5.881118887410576
6.868428758207512
7.647487010278486
8.278442204300891
8.12825292133898
6.447845528954864
3.759870491059763
1.3756107385419107

# a=0.13, pEndemic=0.4, g=20.0
1.4434903898934202
2.061734694213751
2.4320137607409205
2.670858065995724
2.9566831478653053
3.1870521464923756
3.385788039410866
3.385788039410866
2.3088337476918404
1.2199241554567557

# a=0.22, pEndemic=0.8, g=5.0
1.133633872626731
1.1421415590236115
1.149253262176196
1.1180163237833438
0.9732314241172422
0.8091764085514837
0.760633752979525
0.8173217894275049
0.8950257873826278
0.9603846470089211

# a=0.22, pEndemic=0.3, g=15.0
1.7619837177381041
2.2774095704639983
2.5903186744157236
2.9047456973560206
3.118431754792091
3.3362160798963885
3.3899405033389605
3.068428165197836
2.093671222303605
1.0476063228562122

# a=0.13, pEndemic=0.6, g=10.0
1.2324849446487078
1.2696013731594513
1.2902912162485423
1.3219697707976668
1.3542820810384677
1.3613233628454027
1.2300674649228087
0.8927436917077033
0.6206205049756895
0.6381432806106626

# a=0.28, pEndemic=0.3, g=5.0
1.781051910695832
1.8017966982164826
1.7712557427285338
1.6669197242461153
1.3029637704612178
0.7449513730240056
0.4395175819567903
0.3723679747614413
0.4203713631110444
0.6032140075305148

# a=0.28, pEndemic=0.8, g=15.0
1.1686590485310544
1.1890919914106273
1.2233793791631689
1.2619683578101695
1.3054432058783765
1.35630812135435
1.3919910611889383
1.2769922435857772
0.9323016339886611
0.6941126333985518

# a=0.17, pEndemic=0.1, g=15.0
2.1669276886350617
3.3173132227037394
3.8445886141056103
4.415483394237886
4.806659502005975
4.806659502005975
4.806659502005975
4.415483394237886
3.2598723799578395
1.7008858076338713

# a=0.46, pEndemic=0.4, g=0.0
1.0000000000000002
0.6499152381785697
0.5325593717759448
0.5004424772099759
0.4883434356744977
0.48702697322695004
0.5170740535384355
0.5678973788746838
0.6386588855156426
0.7708207939852192

# a=0.77, pEndemic=0.4, g=20.0
4.15470509139446
7.330609690379198
9.364731597047308
11.062593949132534
13.290881370338795
14.008255088272534
14.60301214765532
12.44205847607712
8.652440802999434
4.300235727545951

# a=0.6, pEndemic=0.1, g=0.0
1.0
0.5126688393192459
0.35089526041305125
0.28413098113527707
0.2429212229335942
0.22307588886385454
0.20234402540954677
0.19627524006964173
0.21039245743566456
0.2748729648320614

# a=0.36, pEndemic=0.2, g=15.0
2.4648887137885316
3.5463096847660034
4.178233971405445
4.655202141838317
5.110703224828654
5.563522641499152
5.311157551234794
4.6326998268064195
3.284162240176506
1.6458366975970393

# a=0.46, pEndemic=0.3, g=15.0
2.449101179705135
3.230247274659331
3.870793523762042
4.324550406390371
4.8356471870684405
5.097128396853429
5.077058656713142
4.350718145134569
2.847180857125297
1.3278845388570488

# a=0.77, pEndemic=0.1, g=0.0
1.0
0.5231635719004337
0.3684148497873591
0.2875470756345412
0.2448889014855787
0.22008776291698096
0.19947506923204675
0.18338559872937402
0.17817105519390977
0.20391156105042693

# a=0.36, pEndemic=0.8, g=0.0
1.0
0.8547253718166412
0.8231295927644964
0.8217688776317972
0.8274510461173721
0.850282085176706
0.8825403554445911
0.9126598886425288
0.9460488113196827
0.9742404187525355

# a=0.77, pEndemic=0.6, g=10.0
2.652029943116175
2.797869502780485
2.9793804513034545
3.2344313753889353
3.324588007844347
3.03648704050306
2.21569447755199
1.2051538623538713
0.598921045607081
0.43770728119703306

# a=0.22, pEndemic=0.0, g=20.0
3.5262146290624594
6.0829348630842
inf
inf
inf
inf
inf
inf
6.0829348630842
3.325976397865708

# a=0.22, pEndemic=0.9, g=0.0
1.0000000000000002
0.9113595401618992
0.8955381584410671
0.9058699492906493
0.9214105783294728
0.9428089046735261
0.9620831809786443
0.9772797063444686
0.9863330579672823
0.9940230699663629

# a=0.22, pEndemic=0.2, g=10.0
1.9615680122620365
2.0843030331566306
2.20657966091117
2.296371052552809
2.35442056671226
2.385478011623587
2.2430140911906378
1.703724811811879
0.969781109289367
0.4519999602033008

# a=0.13, pEndemic=0.7, g=15.0
1.1684005550228422
1.2042335903181498
1.2312747143528509
1.2815082668786903
1.3248872973928616
1.3740965422510292
1.4278998681462238
1.3322580080307884
0.953284380557394
0.6311654011928132

# a=0.17, pEndemic=0.0, g=10.0
2.8778728618712752
2.9900939126550887
3.0884898684813575
3.116024491794323
3.1303125418106457
3.0014952667058408
2.8507789631654727
2.455211021319993
1.6513981275723884
0.7604351897564426

# a=0.28, pEndemic=0.2, g=0.0
1.0
0.5252692367628634
0.3857315289795656
0.33310913385219093
0.3170681071135765
0.32463192313746997
0.35798791216731535
0.4209081360296828
0.5405955966640366
0.7449513730240056

# a=0.28, pEndemic=0.9, g=10.0
1.0805886527219923
1.092807091777069
1.096922504278615
1.1087550031807991
1.121750620241089
1.1103677467894462
1.0190260512874876
0.8960846995042515
0.8563067164490046
0.9144875569071648

# a=0.46, pEndemic=0.5, g=5.0
1.7547035640258586
1.7627774604459006
1.7511870898983584
1.6079526900739998
1.1777313007674655
0.719376145683857
0.5284764171254407
0.49930335085471866
0.54724794552202
0.6803494542010061

# a=0.6, pEndemic=0.0, g=5.0
4.507575551943848
4.257953539330451
3.85309178151345
3.1331203772890763
1.9767559182391332
0.7804779268703632
0.3313212756614085
0.18893120448682774
0.12425457925863613
0.09013631337041068

# a=0.46, pEndemic=0.0, g=20.0
5.460875539638528
10.44613952889208
11.860912945569803
inf
inf
inf
inf
inf
11.860912945569803
5.904955000638569

# a=0.36, pEndemic=0.1, g=20.0
3.011734519399404
6.582905603487426
7.658235655031078
9.015151103887803
9.015151103887803
inf
inf
inf
7.110479471805684
3.758329814723125

# a=0.36, pEndemic=0.3, g=10.0
2.0463976714256393
2.184822496656924
2.298855932657129
2.4291183169272195
2.5007555443018803
2.5045420387512
2.236325928622912
1.5454478338018687
0.8080412671153212
0.36874803431735537

# a=0.77, pEndemic=0.0, g=5.0
6.717127415497178
6.202077598998617
5.375115315784765
4.028737134007536
2.1259509452795555
0.6972690469479877
0.2900226955508839
0.16416712158342528
0.10157962693044369
0.0679384677122259

# a=0.46, pEndemic=0.2, g=10.0
2.785245286287847
2.9498668344372225
3.1699801189247276
3.2851923673537455
3.399046429868406
3.408096237039099
2.9334295279294573
2.048999312409181
1.0377825800174092
0.3861925270703868

# a=0.36, pEndemic=0.9, g=5.0
1.09320876392317
1.104941959955658
1.1040343960570849
1.0748407700564997
0.9891843364227487
0.8919904836063823
0.8765302199306461
0.8966276557992185
0.9319980891118692
0.9723883697714291

# a=0.77, pEndemic=0.7, g=15.0
2.187126352153506
2.4125212168200467
2.7098557860912282
2.9371029996233093
3.2855600264005735
3.620360270754108
3.714146093430577
2.9552830661916047
1.6159675432040426
0.6276649897694051

# a=0.17, pEndemic=0.2, g=20.0
1.862090345461421
3.3173132227037394
4.099665438239895
4.577836147783585
5.197835609774065
inf
inf
5.197835609774065
3.7954839322473557
2.0468015796819974

# a=0.22, pEndemic=0.4, g=5.0
1.5300452976644654
1.5280388770999336
1.5327300422606893
1.4711292663786697
1.1730073702291295
0.7173699716753953
0.4719384716192165
0.45501839844441727
0.5573968774937503
0.7498574845388819

# a=0.13, pEndemic=0.8, g=20.0
1.1112610544193575
1.1310528755282505
1.1584026588423992
1.1890297733557154
1.2318794559728152
1.3006249023222354
1.3597498686503813
1.4041146777314653
1.1668083185794087
0.7280838975288282

# a=0.17, pEndemic=0.0, g=0.0
0.9999999999999999
0.4223852853713068
0.26623965589988896
0.19543386539970065
0.15875243619424273
0.13417352955637757
0.1218538178331047
0.11662543292200148
0.12494383358610302
0.17329360342500744

# a=0.13, pEndemic=0.1, g=5.0
1.8982270145098932
1.8752113769714396
1.8260491150735438
1.7387234961237747
1.4416302623447315
0.8484575345912456
0.39433269050799874
0.2897393492351171
0.30274601197465445
0.47206670266498424

# a=0.46, pEndemic=0.8, g=0.0
1.0000000000000002
0.8653548386301104
0.8285656595942124
0.823429687071253
0.8241621445337799
0.8473260933143313
0.8623324654204143
0.8895356686078368
0.9189021707720345
0.9548872514815504

# a=0.28, pEndemic=0.4, g=15.0
1.698359982780938
2.00502603848731
2.246293603663319
2.5247250137399377
2.739080350927168
2.994721493982199
3.049936284187199
2.7163086946099293
1.8002411192213164
0.830111059291613

# a=0.77, pEndemic=0.8, g=20.0
1.791539030831547
1.9621146260287055
2.1567525188023247
2.337783951272052
2.724644806334856
3.1272416797503997
3.4943318619058084
3.548112854097988
2.530772409272815
1.0469953147443158

# a=0.1, pEndemic=0.1, g=0.0
1.0000000000000002
0.43344466911694496
0.296364762416104
0.24657015842457725
0.23351279376030587
0.25406684154055725
0.3192113884933176
0.4303920324531756
0.6163641316381204
0.8398317070414881

# a=0.6, pEndemic=0.0, g=15.0
6.568324480353012
10.048052973986673
11.438432745234415
12.602640412348437
13.336146000183037
13.165811206974851
12.602640412348437
10.961514455854791
8.578321898514025
4.607988084129289

# a=0.36, pEndemic=0.4, g=0.0
1.0
0.6316341830978723
0.5171147584689579
0.48510551830517484
0.4897761022787653
0.5050702821085529
0.540806906618008
0.6175530435693646
0.7137356839417794
0.8484172451851603

# a=0.1, pEndemic=0.1, g=15.0
1.8894102897007505
2.795880017344063
3.301029995664029
3.698970004336067
4.000000000000049
4.000000000000049
inf
3.698970004336067
2.795880017344063
1.4962093169428186

# a=0.22, pEndemic=0.5, g=0.0
1.0000000000000002
0.6534450049180327
0.56605453672902
0.5529576577268338
0.5771969382442601
0.6530898307975054
0.7268304200771127
0.8143688003649636
0.8927250239368676
0.9570006280193407

# a=0.17, pEndemic=0.1, g=5.0
2.005888900364641
1.9733028952638818
1.9251302496716256
1.8123487739849624
1.4678637014505795
0.8350803309064638
0.3876879533566402
0.27637053508698445
0.2832269220774925
0.42970912343615286

# a=0.13, pEndemic=0.0, g=0.0
1.0
0.4116185606770458
0.2575367179908752
0.1924292884926946
0.15264448917850468
0.13535242498114397
0.12537656709160974
0.12417531303721502
0.13735922084335048
0.2032166127452371

# a=0.1, pEndemic=0.2, g=20.0
1.6575773191777936
2.8239087409443346
3.397940008672086
4.000000000000049
4.000000000000049
inf
inf
inf
3.301029995664029
1.7670038896078462

# a=0.6, pEndemic=0.3, g=20.0
3.116698145175316
6.432889075405909
8.011239783527635
9.45198030926137
10.493194782886658
11.24572496349178
11.507128045897996
9.982793091324915
7.190332540249099
3.8573001998786927

# a=0.46, pEndemic=0.9, g=5.0
1.1214516200128126
1.1236069046341455
1.1282375542142804
1.0958657003593455
0.9891278695796917
0.9099955858666307
0.8734493520887949
0.8921076332347803
0.9181138130733096
0.9575932458805567

# a=0.28, pEndemic=0.5, g=10.0
1.501390764558456
1.5730828714332525
1.6142965274905838
1.6735045669579598
1.7564192840654298
1.7608408743644013
1.5621038213916643
1.079967159702343
0.6293790476809489
0.476671151815953

# a=0.28, pEndemic=0.7, g=20.0
1.26628790805602
1.3665306385188158
1.4788771365358229
1.599714816284423
1.7361080142948018
1.9056942032544784
2.08121063781851
2.126962554847819
1.6142965274905838
0.7679974257679113

# a=0.1, pEndemic=0.0, g=5.0
2.2146701649892333
2.1487416512809254
2.0222763947111546
1.8664610916297844
1.5497508916806388
0.920456992597094
0.37923951000579437
0.24580461181016153
0.20725821416525136
0.24695343837347083

# a=0.6, pEndemic=0.1, g=10.0
4.432679715992954
4.77570199020549
5.004032164533614
5.042243173170243
5.2311403811501975
4.937077430525965
4.208606432321872
2.8855899290266462
1.4004637908199111
0.44836411167183116

# a=0.36, pEndemic=0.5, g=5.0
1.598105560305054
1.6071639985818753
1.598105560305054
1.4914277653087924
1.1369360055576336
0.7192306157349216
0.5279654696816114
0.5124774210899238
0.5821466573260695
0.7404807247182296

# a=0.1, pEndemic=0.0, g=10.0
2.5228787452803374
2.619788758288402
2.7212463990471685
2.7695510786217175
2.7212463990471685
2.6575773191777983
2.537602002101042
2.251811972993796
1.5867002359187476
0.7617029321246062

# a=0.6, pEndemic=0.0, g=10.0
5.8644910008005695
6.019227184075243
6.291556519156611
6.210474385888192
6.0405289741211545
5.791480206101712
4.969029172424434
3.6559661374776042
1.9521919574581443
0.6260299238953437

# a=0.36, pEndemic=0.4, g=5.0
1.7454060207681061
1.771367478850357
1.7424989571685072
1.6296663136137752
1.2279773488973533
0.7251671434465361
0.4785400766956874
0.42769563121965143
0.4823779156702773
0.6533339389775208

# a=0.1, pEndemic=0.1, g=10.0
1.882728704344236
2.0177287669604294
2.1426675035687324
2.229147988357855
2.267606240177035
2.2757241303992135
2.1426675035687324
1.8416375079047516
1.1726307269461747
0.5652714582202424

# a=0.28, pEndemic=0.6, g=20.0
1.3929158018912073
1.6285293265209102
1.840903593899226
2.0712736054975127
2.261520932403876
2.5247250137399377
2.7238261408364655
2.718806525445273
1.9402102187812622
0.9089712632575064

# a=0.1, pEndemic=0.1, g=5.0
1.818156412055228
1.7931741239681505
1.7447274948966938
1.66958622665081
1.4179366370882913
0.8560488835760367
0.3916879573026728
0.2901366825596008
0.32532253212680107
0.5241835869686818

# a=0.46, pEndemic=0.8, g=5.0
1.2480724920791568
1.2651566144927457
1.264125150872805
1.194552609405382
1.0191788901206074
0.8261174036084287
0.7675445880297179
0.7854307402863883
0.8258728338117296
0.9008909364638209

# a=0.28, pEndemic=0.4, g=10.0
1.659090086648835
1.744024928295577
1.8119837464734825
1.9092568721084486
1.9609089934594761
1.9831480713694405
1.8002411192213164
1.2541749691310813
0.6888085669971562
0.42521557457159775

# a=0.1, pEndemic=0.3, g=20.0
1.5142785735184208
2.3979400086720375
2.8538719643217756
3.1549019599857226
3.397940008672086
4.000000000000049
4.000000000000049
4.000000000000049
2.6989700043360187
1.4485500020271254

# a=0.6, pEndemic=0.2, g=20.0
3.8211243339567766
8.427661795426902
11.015151103887668
12.372066552744393
13.728982001601116
14.87964210468848
14.87964210468848
12.602640412348437
9.427661795426896
5.167041915747229

# a=0.13, pEndemic=0.1, g=0.0
1.0
0.4430246957768638
0.30703713037251934
0.2467152584119098
0.22778785172430013
0.24412746545702896
0.2856841860039054
0.37774165045935976
0.537497838798857
0.7753193788064195

# a=0.17, pEndemic=0.0, g=5.0
2.455211021319993
2.3738693666177006
2.2426609469865473
2.015842382903683
1.6256713472281252
0.9063110258537477
0.3836640658578806
0.24172394728715094
0.19415868263815889
0.20671636259173337

# a=0.22, pEndemic=0.4, g=0.0
1.0000000000000002
0.5953276595857777
0.493891344690867
0.47613523353163095
0.4924977036141217
0.5447702025275967
0.6173252739877805
0.7286194403887494
0.8362589585905653
0.938145297989071

# a=0.6, pEndemic=0.1, g=15.0
4.668677969085964
7.293180422351326
8.901083004299421
9.799132071100448
10.372066552744416
10.493194782886658
9.919638737437223
8.531894065778316
6.350882731635747
3.2285357384527993

# a=0.36, pEndemic=0.5, g=0.0
1.0
0.6831673129585433
0.5873053099283557
0.5684050723111154
0.5652611479984568
0.5951845208174047
0.6480060462258365
0.7102916714666755
0.802026042755403
0.8971170596066572

# a=0.1, pEndemic=0.0, g=15.0
2.6777807052660827
3.698970004336067
4.000000000000049
inf
inf
inf
inf
inf
3.698970004336067
1.8794260687941509

# a=0.1, pEndemic=0.0, g=0.0
1.0000000000000002
0.40252421012962253
0.24726030606467195
0.18896149139578414
0.15415809257824267
0.1335945016219451
0.1253442674018989
0.12743585690934842
0.1494762911210057
0.22011503680735583

# a=0.46, pEndemic=0.9, g=0.0
1.0000000000000002
0.935303892109126
0.9089517906640757
0.9147031623298673
0.9154894342138532
0.9228512148376874
0.9315819754702105
0.9486849586851356
0.9643832134227328
0.9788974467703315

# a=0.28, pEndemic=0.5, g=15.0
1.5104725667002883
1.6861699033113742
1.8516141664895645
2.0131351906062998
2.2010110988479803
2.391991061188939
2.4681849977814334
2.202306345861715
1.4485034896727387
0.6544553060752343

# a=0.77, pEndemic=0.9, g=20.0
1.3959461461120437
1.4274867131127467
1.5077784664154041
1.583998671364704
1.6688633688430816
1.873690442464989
2.084164547756501
2.163481452030265
1.7327172314342443
0.9767170497894742

# a=0.13, pEndemic=0.0, g=5.0
2.3311168130547135
2.2240296119274787
2.1028897392673653
1.9530207919407694
1.5813994476368027
0.9150549375466867
0.37816555796323453
0.2456623191867765
0.20062658547167236
0.22421241897194144

# a=0.13, pEndemic=0.9, g=20.0
1.0524802896649097
1.0596666463873232
1.0678251504698326
1.0783286171320052
1.0972693425873703
1.116015146208391
1.1475845597563965
1.1604905981906284
1.0371943548775924
0.8278625373101172

# a=0.17, pEndemic=0.1, g=0.0
0.9999999999999999
0.4573223017000779
0.3090721516788612
0.25673198187587937
0.23091531371237647
0.23287293578063595
0.25673198187587937
0.3245048857487978
0.45935644791961966
0.7009317848900616

# a=0.22, pEndemic=0.5, g=5.0
1.4097433538783994
1.4164769339859122
1.4147870918839647
1.3582120755595348
1.0950879827922746
0.711525276352622
0.5241504412311829
0.5443183063339804
0.660050415205973
0.8419058438173904

# a=0.77, pEndemic=0.6, g=15.0
2.7520382885267023
3.07902773277963
3.4601533378225784
3.9840382673517367
4.4405147146275326
4.801394278297464
4.880033505109712
3.9099725905348985
2.138643290135605
0.7110666473577905

# a=0.17, pEndemic=0.3, g=20.0
1.6451158976075158
2.7688458108398133
3.428326250555825
3.75031200380114
4.289552815098652
4.806659502005975
4.806659502005975
4.577836147783585
3.2245891521151315
1.704344538567009

# a=0.36, pEndemic=0.2, g=10.0
2.3722610110112288
2.5524879317540443
2.707586489967214
2.851492678230251
2.950024532796663
2.8863554904657724
2.62840252054668
1.882701131988068
0.9962009083654048
0.40537584376880564

# a=0.77, pEndemic=0.1, g=5.0
5.633077890827466
5.2690209711165545
4.745440997403248
3.622331963890874
1.9659502859461608
0.6789493066702678
0.32110386117159434
0.21118238967960315
0.1681630179750644
0.15778235506676944

# a=0.46, pEndemic=0.3, g=10.0
2.3769799428961496
2.503721199666152
2.693414785385505
2.8146945368667122
2.9271629352197244
2.8975006120848823
2.488512757237597
1.6536397184110847
0.8180710241973439
0.3520600542413113

# a=0.36, pEndemic=0.8, g=5.0
1.194245285955691
1.210966013618381
1.2079351258188797
1.1546067708792336
0.9953887321928325
0.8254016634097885
0.7692650330637393
0.7980363323626545
0.850515440189013
0.9294649417495514

# a=0.6, pEndemic=0.1, g=5.0
3.7667426373177655
3.6534336465824087
3.3689153566341483
2.815892642455548
1.782520605198773
0.7463611879931895
0.35300412849667046
0.2316508441559172
0.18505431099818484
0.19952403517658

# a=0.46, pEndemic=0.1, g=20.0
3.6959107080886158
7.8230791159287705
10.075667659281955
11.860912945569803
11.860912945569803
inf
inf
11.860912945569803
9.183045016137854
4.75047352268026

# a=0.36, pEndemic=0.0, g=20.0
4.537389255551888
8.33669337945944
inf
inf
inf
inf
inf
inf
inf
4.568139667014978

# a=0.17, pEndemic=0.1, g=10.0
2.1239811891843856
2.312896390383535
2.429554429127157
2.4866967541031864
2.5989178048870007
2.5249722892255995
2.429554429127157
1.978918342896522
1.2123030814608375
0.557606864186511

# a=0.28, pEndemic=0.3, g=0.0
1.0
0.5705498686674382
0.44766970172692916
0.40168070398375183
0.3999796334820977
0.4209081360296828
0.4650837728310884
0.5528851045406552
0.6794251881630341
0.8442493690456477

# a=0.28, pEndemic=0.8, g=10.0
1.1672692787995145
1.182693671675155
1.202410057940004
1.2301192720060332
1.2643215312198812
1.2357803616206382
1.0902852047448846
0.8537406448296709
0.737082521228709
0.8128991972186213

# a=0.46, pEndemic=0.4, g=5.0
1.958087998541185
1.9622183461023275
1.9283887870431478
1.7785661692255594
1.274130743218339
0.7081682223640832
0.47244815042272886
0.4278799708947272
0.458400149509892
0.5797608640370157

# a=0.13, pEndemic=0.6, g=15.0
1.2422758923463004
1.3076370823035415
1.362901924663325
1.4370105955283745
1.5049624907355776
1.5926388883597358
1.6559275581617232
1.5549637606362436
1.071301356677674
0.5942205064497867

# a=0.22, pEndemic=0.3, g=10.0
1.7285832505610084
1.8237899738043675
1.902494356569477
1.993212208893109
2.0350265671205783
2.081209602390198
1.9551620817188673
1.4441195218319063
0.8069315176708635
0.41718795902029576

# a=0.22, pEndemic=0.1, g=20.0
2.3757653915633545
4.562201147313094
5.625148399219576
inf
inf
inf
inf
inf
5.35736048452103
2.8681899340010792

# a=0.22, pEndemic=0.8, g=0.0
1.0000000000000002
0.8435619879159002
0.800464154974666
0.8121062210325258
0.8480782837092384
0.8836012927314463
0.9126733386082769
0.9513988449774452
0.9772797063444686
0.9907586693086835

# a=0.77, pEndemic=0.7, g=10.0
2.1776508500061675
2.2610227136102288
2.4370381486566672
2.54190874326442
2.6405689147341773
2.421156323996153
1.7811644814328604
1.045486512708112
0.6366919385060235
0.5513418935849835

# a=0.36, pEndemic=0.3, g=15.0
2.0967706707773424
2.786970872216926
3.2216928483709424
3.6796332677044985
3.9939672827790234
4.20660719264242
4.289160949257012
3.7008663691798422
2.5159902112968173
1.1995649055412256

# a=0.46, pEndemic=0.2, g=15.0
2.8495329714972737
4.224893233775629
4.999768528468219
5.6743798643779995
6.12468351468483
6.4461843788364535
6.234015512332033
5.416919659533317
3.7950197716247946
1.873725197063749

# a=0.77, pEndemic=0.0, g=0.0
1.0
0.4821493096088599
0.2962187624065914
0.21320451881457667
0.16656415859232232
0.12759937167507351
0.10393775979228606
0.08472207322599375
0.06677026136844304
0.05471963582476219

# a=0.36, pEndemic=0.9, g=0.0
1.0
0.9264337932281023
0.9101762344439495
0.9067096721757378
0.91290860102971
0.9271907008011877
0.9421967496991028
0.9605652917162905
0.9768922968159657
0.9862308618078645

# a=0.6, pEndemic=0.0, g=0.0
1.0
0.46765842817584535
0.29730291957260524
0.21497524967054663
0.16663661620825349
0.1330350123829311
0.11198630434597191
0.09424032994474078
0.07583963394557078
0.06832478713960033

# a=0.28, pEndemic=0.2, g=5.0
2.0213289247163813
2.0090701510782587
1.9656903054555883
1.8207079537506488
1.413540467415586
0.7768170371738624
0.40931529723108623
0.31977797768600064
0.33131053625081386
0.4823118127623032

# a=0.28, pEndemic=0.9, g=15.0
1.0849529258129023
1.0934388305613059
1.106824071108574
1.123062084879344
1.1416562579475138
1.1693548564913923
1.17986661640324
1.0940710777872757
0.9182709988128192
0.8398895577728401

# a=0.17, pEndemic=0.0, g=15.0
3.0371501427877226
4.186660040015393
5.197835609774065
5.197835609774065
inf
inf
inf
inf
4.415483394237886
2.1775260814441775

# a=0.46, pEndemic=0.5, g=0.0
1.0000000000000002
0.7034898282429992
0.608150204068031
0.572910942244635
0.5684979769084146
0.5747206139212903
0.6135306295031758
0.6621319543905589
0.7347771723182226
0.8379117139669565

# a=0.77, pEndemic=0.5, g=20.0
3.4262774313032844
5.127601763553519
6.541856903486857
7.8743266054228895
9.333893786894155
10.291055312392041
10.920495426125976
9.668401303361621
6.429317306561054
2.835415541845549

# a=0.13, pEndemic=0.7, g=10.0
1.1662787204503011
1.1846140405995356
1.2071016091554485
1.2312747143528509
1.2510064059823978
1.247870483443914
1.1084305767508915
0.8456977129934559
0.6693921110970203
0.7513598136180499

# a=0.22, pEndemic=0.2, g=15.0
2.0054809132914304
2.8098774117197998
3.3679235892113204
3.6981176281651806
4.072191401939263
4.339979316637827
4.2117497028100725
3.8149708528609554
2.7435562252155137
1.4097433538783994

# a=0.22, pEndemic=0.9, g=5.0
1.0649315686556167
1.0682520696732114
1.0699186016228441
1.0527888605720206
0.976410125888096
0.8810891319954162
0.8758444943062162
0.9182200104760758
0.9544739442358666
0.9866271778836122

# a=0.13, pEndemic=0.5, g=20.0
1.3420086880755253
1.684027914229803
1.9273529893259238
2.1323809201362067
2.3254503566400793
2.524186249558588
2.7579472549467816
2.6823913750773616
1.958319687017741
0.9811389071356744

# a=0.22, pEndemic=0.2, g=5.0
1.8669717727066921
1.8759575747381685
1.8227457897746802
1.717814866445471
1.3654812115643993
0.7752100017547673
0.4073248485359732
0.3202061708820739
0.3578300670343106
0.5362366061017392

# a=0.17, pEndemic=0.6, g=0.0
0.9999999999999999
0.6935545840135995
0.6181964322434129
0.6382955572953535
0.69490631599108
0.767866678337318
0.8398091827361714
0.8990470425966974
0.9587229685194727
0.9849323608095719

# a=0.13, pEndemic=0.7, g=5.0
1.1584026588423992
1.1652212377945734
1.178606641466262
1.148604628846333
0.9728647367193831
0.7430311210191777
0.6663287072449553
0.7637749816450417
0.8825507478009866
0.9661333570542567

# a=0.22, pEndemic=0.9, g=15.0
1.067586632577921
1.0766271027876588
1.0854512848221585
1.0975192891554006
1.1212546938513726
1.1451266319525444
1.1579659001480753
1.077977018967798
0.9105725137396243
0.8605989669620889

# a=0.28, pEndemic=0.9, g=5.0
1.0765577092944634
1.0790358411156542
1.083079553376921
1.0624581937613682
0.9746034887431545
0.8870424518946154
0.880509128338967
0.9047350463908755
0.9442319023218821
0.9767795763835747

# a=0.28, pEndemic=0.2, g=15.0
2.1680631318433745
3.061460703129936
3.7453398831365448
4.194252415846823
4.46514776899257
4.70669764389522
4.590103765569693
4.146627705323725
2.984129417075903
1.5056514781129666

# a=0.1, pEndemic=0.7, g=0.0
1.0000000000000002
0.7160207157615202
0.6798537138889462
0.7342390832823895
0.8155925145876798
0.8814046347762383
0.9340470196861306
0.9718355805755301
0.9880068853407431
0.9931062920520995

# a=0.36, pEndemic=0.8, g=15.0
1.209281028532814
1.2428473492684606
1.275081668438245
1.3283632620216892
1.3715100698409142
1.4544040639427023
1.4762728823251592
1.3452396731024343
0.9650150196916021
0.685925074155503

# a=0.6, pEndemic=0.6, g=15.0
1.924266950227313
2.103276636849914
2.3432598814539016
2.5566562621951965
2.8584239744152766
3.1842256840549745
3.2603675810919803
2.736671969744375
1.604940698866496
0.6214532239887733

# a=0.1, pEndemic=0.7, g=15.0
1.1518108830086013
1.1884249941294072
1.2118316288588324
1.2572748686953017
1.2898826348881838
1.3419886033428878
1.3788237182249654
1.3010299956639808
0.9400581119380453
0.6343248595440825

# a=0.46, pEndemic=0.9, g=15.0
1.1285468570284605
1.1529042796464621
1.1681257197282762
1.191950371064696
1.2345665239135764
1.266877558569051
1.2720542328076838
1.1857910483217589
0.9494922613512038
0.81564262019535

# a=0.36, pEndemic=0.2, g=0.0
1.0
0.5355485913239437
0.39638304562813775
0.34201068427335723
0.31584915344655806
0.3155788765997529
0.3378549707233669
0.38311927463608586
0.46380897798472653
0.6464891027304515

# a=0.22, pEndemic=0.3, g=0.0
1.0000000000000002
0.5546379891231876
0.4332818681479462
0.3917244587170156
0.4015982239151732
0.4382644634385395
0.5137175496919123
0.6156456030386785
0.7570913603758788
0.89630746110371

# a=0.17, pEndemic=0.7, g=5.0
1.1858518145386052
1.1937514191276086
1.204618226294171
1.1605850220117293
0.9930713514704755
0.7429047946252596
0.6736577701390044
0.7475548779669938
0.862243305980258
0.9510613272121518

# a=0.13, pEndemic=0.6, g=0.0
1.0
0.680856831294988
0.6125159326456707
0.6417605886953724
0.7125292601228846
0.7922978261811358
0.8670727979657722
0.9314966593708905
0.9686025966382853
0.9877132041891835

# a=0.22, pEndemic=0.8, g=10.0
1.1410256259033644
1.162173796730073
1.1796726606624397
1.196030063790945
1.2103215760835686
1.2123887022192823
1.0699186016228441
0.8547906809853414
0.7486253083210214
0.8360247162539359

# a=0.1, pEndemic=0.4, g=20.0
1.393618634889395
1.9355420107730799
2.2596373105057603
2.5228787452803374
2.7212463990471685
3.04575749056067
3.221848749616324
3.04575749056067
2.2076083105017474
1.1511952989481964

# a=0.6, pEndemic=0.5, g=20.0
2.2770016923397725
3.3406695864163996
4.1952095267335805
4.976477305146544
5.614868988187177
6.2964322755724496
6.689810778085625
6.119193739452973
4.105507174459638
1.8685670809881199

# a=0.28, pEndemic=0.8, g=0.0
1.0
0.8528096021892946
0.81533506625827
0.8213462370568283
0.8314682156369911
0.8657091881909685
0.8963305349422968
0.938244120515079
0.9619392956336525
0.9833442424619473

# a=0.28, pEndemic=0.3, g=10.0
1.8692303983848815
1.9495511984694447
2.065806867111295
2.176798678492719
2.261520932403876
2.261520932403876
2.073470997520102
1.4887455476857425
0.80783029363781
0.3964583670785

# a=0.28, pEndemic=0.1, g=20.0
2.6563125924088187
5.3516329847837785
6.690827060971192
7.2353407063350526
inf
inf
inf
inf
6.146313415607331
3.273391682298142

# a=0.17, pEndemic=0.8, g=20.0
1.1234462853367744
1.148795508992463
1.1826309050083998
1.2200940294331497
1.2773247780533599
1.335580171574486
1.4162925433851263
1.458061822719319
1.1989224891585974
0.7316508091171359

# a=0.1, pEndemic=0.6, g=5.0
1.2041199826559248
1.2196826878598486
1.2218487496163561
1.1904402853647325
0.9931062920520995
0.7081873125328811
0.5870357280033373
0.6813107300522541
0.8312079796858184
0.95233580539844

# a=0.6, pEndemic=0.7, g=10.0
1.6125102427485203
1.6861510733352636
1.7776605848550848
1.8503471597027714
1.9174778284549316
1.8473269248188278
1.4772108284486705
0.9491165300545673
0.6222600998079747
0.6037855801412609

# a=0.36, pEndemic=0.9, g=10.0
1.0974045163132096
1.11192804847146
1.1168175127479891
1.1466785921501672
1.1469944893917299
1.1245065357480446
1.0275738683183222
0.8973618533041906
0.8507488508481579
0.9037480735638375

# a=0.46, pEndemic=0.8, g=10.0
1.265500619372753
1.3024963667370906
1.336944533034111
1.3626569554453902
1.4037458401392993
1.3700986534763302
1.1652579614366785
0.8777703466551942
0.7209530680928398
0.7689476558212976

# a=0.1, pEndemic=0.6, g=10.0
1.2189630613788682
1.2380721615794714
1.259637310505756
1.2924298239020633
1.3142582613977365
1.324221658325915
1.2020403562628044
0.8823973083099158
0.6362000545208908
0.6534514414515262

# a=0.36, pEndemic=0.3, g=5.0
1.9477943574770995
1.9607684330711086
1.9413712441248758
1.7719655892230686
1.338684703122151
0.735695387378649
0.4308826965184312
0.37246430593353813
0.39389150739485285
0.5457516815694667

# a=0.13, pEndemic=0.2, g=20.0
1.747307656351841
3.0711878367279306
3.7255292923519248
4.174642799606872
inf
inf
inf
4.514384052547876
3.4951602937247954
1.8982270145098932

# a=0.22, pEndemic=0.5, g=15.0
1.436518020125928
1.593260533450064
1.7395301242870607
1.8827780786714223
2.0510469973146885
2.16675988285889
2.2753359541256892
2.081209602390198
1.3861632742402303
0.6550456563951635

# a=0.13, pEndemic=0.0, g=10.0
2.6068354952079296
2.7579472549467816
2.8811272679958635
2.898952614969277
2.863927502499592
2.800595274108752
2.648575000632851
2.3198486611452465
1.5901188672774422
0.7554633605518253

# a=0.46, pEndemic=0.2, g=0.0
1.0000000000000002
0.5448864859471279
0.4003489243750935
0.35087573098572494
0.31930389907778356
0.30747724417431305
0.31222770247209614
0.34244780652863616
0.39683902233680773
0.5413523961103078

# a=0.28, pEndemic=0.5, g=5.0
1.461016770114043
1.4918878204188948
1.4877009103830499
1.4168721718649524
1.11848150551135
0.7200043021930516
0.5232787137670056
0.5317348463962572
0.6224085748323228
0.7999614418425133

# a=0.17, pEndemic=0.7, g=15.0
1.1984504290467644
1.2314853772279817
1.2724620093577719
1.324853068297832
1.3735285882868986
1.4447650545470705
1.4762926784234711
1.3832645600104991
0.9775467645859248
0.6210727428089451

# a=0.77, pEndemic=0.2, g=20.0
6.288192282578195
14.222571052936633
18.57033621712908
21.636398958425357
23.412864924175516
24.399337259709927
23.2427893490763
20.76083498105934
15.544734611102363
8.806028617833757

# a=0.6, pEndemic=0.7, g=0.0
1.0
0.8247230343482703
0.7595903111590873
0.7541152669498661
0.7432109031967885
0.7472212371491356
0.766817725367808
0.7863198147896243
0.8113441860860117
0.8764132445536635

# a=0.36, pEndemic=0.4, g=15.0
1.8273497412534352
2.2229566414380377
2.545869870067752
2.8443087370313584
3.140920643680398
3.3782943117199697
3.428988234184721
3.007497250468306
1.923747296728722
0.8667527939172622

# a=0.46, pEndemic=0.5, g=15.0
1.8313922591931733
2.095341305661822
2.3527424220324553
2.6343131392773294
2.8865510512242674
3.144567456285804
3.273686897299595
2.790856546846218
1.7347375476390505
0.7153300469300767

# a=0.77, pEndemic=0.7, g=0.0
1.0
0.836108166635213
0.7836274155308898
0.7518290425205791
0.7448501317623112
0.7453149966492475
0.7434558758900135
0.7499667546049011
0.7775278476422102
0.8071783359274303

# a=0.77, pEndemic=0.0, g=10.0
8.942202081079932
9.386911777698383
9.592541163834962
9.601941833053665
9.303302540967504
8.487157601012955
7.006806179145521
4.617980229062336
2.109314383511165
0.5341460424046459

# a=0.22, pEndemic=0.6, g=20.0
1.3323883495988154
1.535425745028486
1.7142640715418984
1.906035631869992
2.088970517326422
2.302814481819125
2.4715749868350683
2.494253481417063
1.8279832974862689
0.8711349682654613

# a=0.22, pEndemic=0.4, g=10.0
1.567243969020429
1.6257418521812337
1.6993826116788249
1.7534739130326042
1.817549490261067
1.8471898734402878
1.7045966881909147
1.2186291857625835
0.6937286027865593
0.44122063535034195

# a=0.13, pEndemic=0.1, g=15.0
2.058456133355402
2.999331167027261
3.560609773877853
3.975906906688363
4.514384052547876
4.514384052547876
4.514384052547876
4.174642799606872
3.0711878367279306
1.5716207089138194

# a=0.46, pEndemic=0.3, g=5.0
2.2248480251919425
2.227750070951118
2.154344253571086
1.9510380780474263
1.3907878743835558
0.7277332641377768
0.4330969488418209
0.3581681238456244
0.3653310154350822
0.48777907268512094

# a=0.17, pEndemic=0.6, g=10.0
1.2751583729715175
1.3017208206249662
1.3392016674082319
1.3767552856465077
1.4080235627643027
1.4107664494798475
1.2746180686403557
0.9217032844428016
0.6309978543455738
0.6234525263447468

# a=0.28, pEndemic=0.4, g=0.0
1.0
0.6118962768449719
0.5088836966680056
0.47796925258370065
0.4797033970756964
0.5124955059539815
0.5906177921321556
0.6664739528734491
0.7880897521170227
0.9005215510995606

# a=0.1, pEndemic=0.8, g=20.0
1.0963674839157627
1.1146387799684883
1.1396619934290064
1.1752235375244546
1.2132485778544386
1.2588484011482146
1.3223930472795071
1.3665315444204131
1.1331221856625013
0.7309542903423772

# a=0.6, pEndemic=0.6, g=5.0
1.7883686011503304
1.82581720205942
1.799626326723937
1.6156356411368236
1.1505035001360404
0.7420666008471101
0.5952765086014205
0.5870684664340668
0.6136705226036109
0.6976730490419444

# a=0.46, pEndemic=0.6, g=20.0
1.6333374636433429
2.0000000000000004
2.3471520406488398
2.7028337955559323
3.017798076779908
3.4208737703907173
3.7421556146411983
3.5787588658955904
2.4311139052510673
1.0767072659589514

# a=0.36, pEndemic=0.7, g=20.0
1.3452396731024343
1.4466493857489553
1.5753300515435618
1.7201153982398587
1.887402103742213
2.0901233950123417
2.330097124840282
2.325873568796244
1.7184146026868379
0.7907638345100526

# a=0.6, pEndemic=0.9, g=20.0
1.1849825890326167
1.2222716248297332
1.2651354289876975
1.3219917541587003
1.3686965186495734
1.4618666630370227
1.5797719602127596
1.632689709832225
1.3702726984359876
0.8602458593201332

# a=0.36, pEndemic=0.5, g=10.0
1.627083024717916
1.6926991605836834
1.7660008687873583
1.833701532488875
1.9293525094380837
1.9084964449429638
1.6730349538018892
1.1104050862932202
0.6227172938466752
0.4547328393353015

# a=0.77, pEndemic=0.6, g=5.0
2.409647173156474
2.4763026141454616
2.327225383866917
1.9468103238340566
1.20830073335832
0.741133244575305
0.6105722412620228
0.5775039189585072
0.589089978549093
0.6294686765192365

# a=0.46, pEndemic=0.4, g=10.0
2.078413691465682
2.2054284329349096
2.3025117615316306
2.4294138624158563
2.49564730324611
2.5227595101372615
2.134599914616788
1.3957270069725791
0.6893358020759601
0.3569781724937732

# a=0.77, pEndemic=0.1, g=15.0
7.687224004155678
11.416243167171105
13.89097171538743
15.204415263499879
16.332339072192948
16.47148424079026
15.163927367721037
13.110088504066109
9.333893786894155
4.673384810351933

# a=0.17, pEndemic=0.4, g=20.0
1.4927425653646451
2.216271045832376
2.610319158937752
2.9679597882649507
3.3173132227037394
3.507200599562412
3.75031200380114
3.6331311787016305
2.5767836804968622
1.3011544905916987

# a=0.77, pEndemic=0.0, g=15.0
10.69479821452568
16.068367485527684
18.28679389496815
19.57416037581549
20.27173549615648
20.27173549615648
19.039421338447443
16.387391395331267
12.532087816826715
6.6906493136478575

# a=0.17, pEndemic=0.5, g=20.0
1.3800005380095217
1.77706554614225
2.0640349135519043
2.2830998488891
2.534961007167568
2.7843083624887797
2.9466611160344818
2.9063334047205602
2.0510608288108605
1.0275512220226801

# a=0.36, pEndemic=0.4, g=10.0
1.8017299503098312
1.9167856201947888
1.9999999999999996
2.0959372883562124
2.182999763179562
2.1912289273452035
1.9406601597532553
1.3039528299809142
0.6970344810697799
0.3908224553120649

# a=0.77, pEndemic=0.7, g=5.0
2.0129281097736476
1.9845437105517987
1.9621146260287055
1.6641317924821755
1.1453337189917514
0.7836274155308898
0.6899306213998677
0.6721019557156244
0.6908471552279952
0.7189074309592617

# a=0.46, pEndemic=0.5, g=10.0
1.8060164182123823
1.8903849670628317
2.003046564611463
2.082300361198626
2.1730030833660328
2.145455888373921
1.8138927868675379
1.1793392198933892
0.6208091921370135
0.42536897404776397

# a=0.1, pEndemic=0.9, g=20.0
1.0457574905606752
1.051587034221399
1.0619809025237898
1.0721165896692932
1.0861861476162835
1.10790539730952
1.133712660915805
1.1396619934290064
1.0241088635982072
0.8315025164769675

# a=0.6, pEndemic=0.7, g=5.0
1.5767032536560743
1.5907710631397936
1.5819668423677624
1.4384612314698433
1.0690682152640065
0.7731999974935849
0.6765394980050777
0.6818015353518337
0.7007508410114127
0.7761079231455963

# a=0.46, pEndemic=0.7, g=20.0
1.4410529443058322
1.5830586437153786
1.7612597439936817
1.9687357765614715
2.206856921445943
2.447377240678406
2.7261523007707535
2.7368928322603847
1.94111629843042
0.8490678529894825

# a=0.36, pEndemic=0.6, g=20.0
1.4767152812454527
1.7654063910317717
2.0511607348124152
2.305024908504834
2.595937288356213
2.8938559685047114
3.1336791241312207
3.073066911588547
2.1481185059877816
0.9702760245340516

# a=0.6, pEndemic=0.8, g=20.0
1.404471192810894
1.4989809394243627
1.604052085510806
1.7292390801036386
1.9081162076912361
2.139728039318022
2.3825313125484984
2.410497719445152
1.8569070311476075
0.8490378191113402

# a=0.46, pEndemic=0.2, g=5.0
2.566417326993678
2.5245874483585116
2.398361237873851
2.160533873148258
1.5165638569155517
0.7425473106850456
0.39841729452262614
0.29333011576518286
0.2828609383583427
0.36413442998700085

# a=0.17, pEndemic=0.7, g=10.0
1.1956263305889716
1.214726218849454
1.235502104724067
1.2628603968902203
1.287177851761822
1.2882833326849334
1.139793187875861
0.8588725071695337
0.6688374242756601
0.7355850054883604

# a=0.28, pEndemic=0.5, g=0.0
1.0
0.6721831753329177
0.5736416956687068
0.5554299689192755
0.5775646358354147
0.6227556334356541
0.6865463130626404
0.7636244761449777
0.8539735780073192
0.938244120515079

# a=0.13, pEndemic=0.0, g=15.0
2.863927502499592
3.975906906688363
4.514384052547876
inf
inf
inf
inf
inf
4.174642799606872
2.032988429955747

# a=0.22, pEndemic=0.5, g=10.0
1.4272808589054227
1.4834975353477426
1.5300452976644654
1.5794019587417427
1.6241951389187976
1.6542205939032313
1.4803836858209833
1.045995084532789
0.6257883095896875
0.5082770337920548

# a=0.22, pEndemic=0.7, g=20.0
1.221561714417232
1.3171711516444207
1.3915723647638019
1.5135084732749224
1.6335302238196965
1.751597643983183
1.9155729277292468
1.9450401018172054
1.5050702244378897
0.7332135203094049

# a=0.77, pEndemic=0.1, g=10.0
6.866125977248909
7.479007754531453
7.980655374073679
8.064748219532648
7.823728281382908
7.462829842701889
5.845692056087455
3.610517017454604
1.5145934964741339
0.374317328782896

# a=0.36, pEndemic=0.5, g=15.0
1.6511104581701987
1.8375324868684553
2.050365279592296
2.2656045101690707
2.4894831633505725
2.7264405097137607
2.7802436457740822
2.4612522727223283
1.5719102062072046
0.6792410838895308

# a=0.46, pEndemic=0.4, g=15.0
2.100594886678332
2.567362488328325
2.962655244006696
3.356471237927077
3.6622852400354184
4.002146242855599
4.046102122960804
3.508150141850748
2.231386849026586
0.9494922613512038

# a=0.77, pEndemic=0.6, g=0.0
1.0
0.778934577401506
0.7023223916123986
0.659807520611342
0.6584439077259051
0.6484589020779598
0.6511795021787659
0.661626427442472
0.6858089340032415
0.7295411904821738

# a=0.6, pEndemic=0.6, g=0.0
1.0
0.7737812371620386
0.6909746158546363
0.666332786798804
0.6539905135505327
0.6605633743050356
0.6823562577100286
0.7010308803780259
0.7498036540426081
0.8280073738784642

# a=0.46, pEndemic=0.3, g=0.0
1.0000000000000002
0.5972515426400412
0.46411176200319365
0.4275209571592966
0.40386841894249015
0.4017555681639396
0.42286286376989557
0.45656308463252365
0.5348983140153735
0.6755532391200622

# a=0.28, pEndemic=0.4, g=5.0
1.6241702428420117
1.6417536146441136
1.6297792347175515
1.5278578878258076
1.1930278860000205
0.7172589324737412
0.4759509105113854
0.4519871633900475
0.529727893793168
0.7200043021930516

# a=0.17, pEndemic=0.6, g=15.0
1.273000252441768
1.3367847565159032
1.4128323986965845
1.499137510061602
1.571974713014983
1.6588168913376338
1.7475923334384493
1.630723733979461
1.1296776460049602
0.6050190998315602

# a=0.77, pEndemic=0.3, g=20.0
5.177616468522053
10.42873986999728
13.181383805124014
15.349595244779268
17.897366136230165
18.823811033294962
18.47346850021194
16.11972490693295
11.610107857958752
6.177001171540512

# a=0.13, pEndemic=0.1, g=10.0
2.017717941906523
2.117413558057989
2.262118128249234
2.3485201685937125
2.4047765860303096
2.411445301428928
2.2875198235657255
1.9029627327109075
1.1906959835296012
0.5660491325602977

# a=0.22, pEndemic=0.4, g=15.0
1.566535715589332
1.8954682662497535
2.1063725033867318
2.3292358554929407
2.494253481417063
2.6569453021960414
2.7736795168435173
2.5177384894980706
1.7089734189942654
0.7960405198085004

# a=0.13, pEndemic=0.3, g=20.0
1.5644125934078539
2.483655482158853
3.0460467864698617
3.385788039410866
3.975906906688363
4.174642799606872
4.514384052547876
3.975906906688363
2.898952614969277
1.5422620528587645

# a=0.6, pEndemic=0.6, g=10.0
1.87263908492949
1.9972829764007998
2.067491582109371
2.1882126817446923
2.268874905175357
2.2373147543782523
1.7593017688652535
1.0819540018178038
0.5952765086014205
0.4756293879157831

# a=0.36, pEndemic=0.8, g=10.0
1.202235596405447
1.2352112229225063
1.2593632524945055
1.2947239515551963
1.3143935433162752
1.3021000798640565
1.1248153565723402
0.8677024011656336
0.7373572003321355
0.8067013523345693

# a=0.46, pEndemic=0.9, g=10.0
1.1217592970566006
1.1391076004545684
1.162079035456457
1.1764464094055467
1.1997729145449552
1.1623965751598657
1.0678239316255165
0.9050450763907694
0.8505626671569152
0.8897926340403264

# a=0.1, pEndemic=0.7, g=10.0
1.1511952989481964
1.1681302257194988
1.185086818724926
1.2041199826559248
1.2262135550188065
1.2240256688706312
1.095284454721319
0.835647144215563
0.6901569952839297
0.7629592086208093

# a=0.36, pEndemic=0.2, g=5.0
2.202309886382673
2.1811804176845944
2.1402424971534053
1.959318347480726
1.4587389142274658
0.7585839188396871
0.40064800921476457
0.3095172950239764
0.31180281616491246
0.4266355780238456

# a=0.28, pEndemic=0.0, g=20.0
3.8757323521779923
7.2353407063350526
inf
inf
inf
inf
inf
inf
inf
3.909165786580388

# a=0.17, pEndemic=0.9, g=20.0
1.0624185584012822
1.0695079797525162
1.082420943001751
1.095243166448761
1.1119953567872893
1.140218629155558
1.1826309050083998
1.189555505146198
1.0590912441594609
0.8321139754262162

# a=0.1, pEndemic=0.7, g=5.0
1.140861702705469
1.154281982033341
1.1592667653881932
1.1313555616051745
0.9621752494116583
0.7297871451037574
0.6617427697537445
0.7741740085381067
0.8985966494446695
0.9767475403662885

# a=0.28, pEndemic=0.9, g=0.0
1.0
0.9274263037622497
0.8980535404743422
0.9092211653228754
0.9147392202557412
0.9310157159803524
0.9526393900461565
0.9708097801276501
0.9830696166469277
0.9919056143193395

# a=0.28, pEndemic=0.2, g=10.0
2.1448306595588473
2.2842103691244247
2.401956105626774
2.4773302365232817
2.5814400474413666
2.573082871433254
2.3854172392630852
1.792509096802166
0.994687370540059
0.4369102294747333

# a=0.1, pEndemic=0.5, g=20.0
1.2958494831602012
1.616184634019569
1.8239087409443187
1.9913998282380831
2.1938200260161156
2.376750709602102
2.5228787452803374
2.481486060122117
1.804100347590765
0.9292235371565654

# a=0.6, pEndemic=0.4, g=20.0
2.659771027283722
4.639144421175509
5.761535221622073
6.851483543050738
7.875396963207825
8.456880474996336
8.775896009706603
7.853645459547625
5.488096633130397
2.742225491735471

# a=0.22, pEndemic=0.9, g=10.0
1.0639386650440963
1.0705863936526439
1.081363930293973
1.0937026728743968
1.1062763288952087
1.0930111060455485
1.0057286270886232
0.884860965555056
0.8603559324566036
0.9340575218206312

# a=0.13, pEndemic=0.7, g=0.0
1.0
0.7459413187764299
0.7035927607637297
0.7296017050437013
0.7927916730952599
0.8551452065618486
0.9163247388289151
0.9574148237153368
0.9840499358605653
0.9928882162828593

# a=0.17, pEndemic=0.6, g=5.0
1.2596958213225495
1.2805900590862402
1.281682698015728
1.2410722047994234
1.015139895960387
0.7200101480479343
0.596023363588535
0.6479970403622216
0.77964982650588
0.9248908801515383

# a=0.22, pEndemic=0.2, g=0.0
1.0000000000000002
0.5180445771453347
0.3705544968972085
0.3308012145335253
0.3187063733751215
0.3311282490840073
0.37240903307177
0.4696482936098585
0.6020310954504313
0.8148222478672963

# a=0.36, pEndemic=0.9, g=15.0
1.1034298206243458
1.11223292546956
1.1275991373554928
1.1504761045546803
1.1791104804342054
1.19623675682474
1.2296948569612722
1.1353736626968205
0.9221556712083246
0.8274510461173721

# a=0.6, pEndemic=0.7, g=15.0
1.6567265240433775
1.7593017688652535
1.9237438733534005
2.0708716379516336
2.2558178712311032
2.43072119670872
2.5067143907022826
2.1461627581189004
1.2869245007867496
0.5947459176809827

# a=0.1, pEndemic=0.6, g=15.0
1.2204035087421752
1.2676062401770312
1.3251388592621884
1.3882766919926577
1.4522252946121776
1.5257837359237443
1.5867002359187476
1.5114492834995552
1.0385789059335517
0.5984271543235541

# a=0.46, pEndemic=0.8, g=15.0
1.2627511499308848
1.305332111919622
1.3552580137436194
1.4343672372961382
1.4937706555059553
1.5791023202943857
1.6269442052466563
1.4609203895830474
1.010117939735743
0.6679595217035584

# a=0.36, pEndemic=0.3, g=0.0
1.0
0.5817918883499184
0.45972995341554923
0.4160977137652307
0.39389150739485285
0.40330460564362497
0.4497611075312333
0.5032681419159233
0.6018596699016213
0.7714153142327576

# a=0.1, pEndemic=0.6, g=0.0
1.0000000000000002
0.6615435063953953
0.6050232804454359
0.6458915608525991
0.7276941555979136
0.8195873671616764
0.9017024635053027
0.95506845385084
0.9792245118064422
0.9905491042013064

# a=0.28, pEndemic=0.8, g=5.0
1.1569236446048161
1.1579520983443743
1.1752942404921605
1.1366323623179126
0.9762349890925359
0.8076106467369345
0.7640399003407311
0.8032305565722523
0.8838899942711678
0.9523752894768973

# a=0.28, pEndemic=0.3, g=15.0
1.8977367866239103
2.4718303274589504
2.8700792014235517
3.214812965751134
3.4943333678953468
3.7092154894348317
3.802846071570526
3.320383126252601
2.295805666518202
1.1074671879155633

# a=0.22, pEndemic=0.8, g=15.0
1.1428865633453666
1.1660225620579656
1.189998549166078
1.2253513431449587
1.2613648878825285
1.320576775270566
1.3408845594203347
1.2240857159396266
0.9153088020463815
0.7142463654451641

# a=0.13, pEndemic=0.6, g=5.0
1.2336981705671641
1.2472456993939829
1.2472456993939829
1.213470952451367
1.0129897412941549
0.7135790421065448
0.5837880696079207
0.6661378787353214
0.811166323074507
0.9424370660185293

# a=0.17, pEndemic=0.7, g=0.0
0.9999999999999999
0.7600010760190434
0.707219848058177
0.7335109574692876
0.7747288075021167
0.8415614284621395
0.8864200566000902
0.9441033188854555
0.9743655395286012
0.9898016561666367

# a=0.22, pEndemic=0.3, g=5.0
1.6681080399481927
1.67725218711866
1.6705893688326368
1.5859303110197729
1.272155264229587
0.749035778353627
0.4344283659478351
0.3939991784428728
0.4575223381817579
0.6676293898985044

