alpha = 0.1000
gamma = 0.0000
prob.endemic = 0.2000
Num. spacers = 40, Tmax = 1516, Num. replicates = 1000
seed = 1491875379
beta	age	efficacy	fitness (means)
0.5956	0.0000	2.3026	0.9000
0.6189	1.0090	1.4229	0.6826
0.6012	2.0360	1.0697	0.5276
0.6038	3.1100	0.9237	0.4481
0.6274	4.2390	0.8910	0.4200
0.5950	5.4190	0.7392	0.3478
0.6398	6.6420	0.8018	0.3690
0.6549	7.9870	0.8244	0.3707
0.6670	9.3870	0.8116	0.3665
0.6868	10.9340	0.8549	0.3792
0.7009	12.5930	0.8678	0.3769
0.7151	14.3440	0.9475	0.4071
0.7165	16.4010	0.9110	0.3913
0.7444	18.5170	1.0243	0.4352
0.7727	20.8040	1.1007	0.4605
0.7770	23.3470	1.1271	0.4688
0.8064	26.1310	1.2593	0.5168
0.8196	29.2130	1.2928	0.5322
0.8558	32.9310	1.4525	0.5933
0.8588	36.8800	1.5231	0.6184
0.8808	41.3180	1.5805	0.6408
0.9081	46.2770	1.7484	0.7022
0.9276	51.6800	1.8505	0.7403
0.9337	57.7810	1.9105	0.7624
0.9689	64.5660	2.0496	0.8164
0.9712	71.7740	2.0587	0.8197
0.9793	80.0170	2.1205	0.8432
0.9844	88.8940	2.1612	0.8581
0.9859	98.6860	2.1625	0.8596
0.9951	109.6720	2.2192	0.8799
0.9956	121.7240	2.2240	0.8823
0.9991	135.0420	2.2419	0.8886
0.9997	150.2330	2.2463	0.8911
0.9994	167.6540	2.2488	0.8921
0.9998	188.6330	2.2497	0.8934
0.9999	213.2690	2.2482	0.8938
0.9999	243.8930	2.2431	0.8937
0.9999	282.8840	2.2356	0.8929
0.9999	341.6920	2.2243	0.8917
0.9999	456.4040	2.1988	0.8890
