alpha = 0.1000
gamma = 0.0000
prob.endemic = 0.2000
Num. spacers = 40, Tmax = 17411, Num. replicates = 1000
seed = 987651095
beta	age	efficacy	fitness (means)
0.6055	0.0000	2.3026	0.9000
0.5821	1.0090	1.3378	0.6459
0.6227	2.0450	1.1167	0.5478
0.6181	3.1310	0.9661	0.4637
0.6142	4.2290	0.8444	0.4046
0.6455	5.4080	0.8742	0.4036
0.6540	6.6400	0.8321	0.3848
0.6510	7.9780	0.7915	0.3588
0.6739	9.4200	0.8356	0.3748
0.6654	10.9260	0.8038	0.3610
0.7100	12.5480	0.9212	0.4001
0.6905	14.3570	0.8717	0.3744
0.7259	16.3350	0.9851	0.4175
0.7414	18.5000	1.0400	0.4366
0.7730	20.8360	1.1026	0.4634
0.7683	23.5270	1.1397	0.4703
0.8002	26.3330	1.2308	0.5073
0.8226	29.3480	1.3363	0.5459
0.8285	32.8060	1.3803	0.5611
0.8407	36.6140	1.5006	0.6049
0.8732	40.9170	1.5916	0.6407
0.9100	45.8370	1.7199	0.6903
0.9261	51.1060	1.8441	0.7375
0.9340	57.5290	1.8922	0.7548
0.9508	63.9730	1.9893	0.7915
0.9709	71.4090	2.0526	0.8159
0.9801	79.7300	2.1107	0.8389
0.9847	89.0010	2.1582	0.8574
0.9942	98.8940	2.2034	0.8742
0.9943	110.2550	2.2260	0.8822
0.9974	122.3060	2.2199	0.8807
0.9980	136.3330	2.2404	0.8892
0.9988	151.7450	2.2446	0.8909
0.9998	169.6630	2.2499	0.8924
0.9999	189.5950	2.2554	0.8949
0.9999	214.2510	2.2480	0.8939
0.9999	243.6450	2.2441	0.8938
0.9999	283.1420	2.2340	0.8926
0.9999	343.7880	2.2185	0.8904
0.9999	458.6300	2.1977	0.8888
