alpha = 0.1000
gamma = 0.0000
prob.endemic = 0.2000
Num. spacers = 40, Tmax = 12, Num. replicates = 1000
seed = 705177060
beta	age	efficacy	fitness (means)
0.6079	0.0000	2.3026	0.9000
0.6084	1.0050	1.3991	0.6721
0.5959	2.0160	1.0643	0.5218
0.6236	3.0500	0.9763	0.4695
0.6198	4.0920	0.8389	0.4093
0.6020	5.1400	0.7542	0.3584
0.6131	6.2100	0.7323	0.3436
0.6102	7.3090	0.7031	0.3223
0.6443	8.4400	0.7540	0.3428
0.6158	9.5710	0.6698	0.3031
0.6004	10.6830	0.5436	0.2438
0.5501	11.5930	0.3041	0.1321
0.5000	12.0000	0.0006	0.0006
0.5000	12.0000	0.0006	0.0006
0.5000	12.0000	0.0006	0.0006
0.5000	12.0000	0.0006	0.0006
0.5000	12.0000	0.0006	0.0006
0.5000	12.0000	0.0006	0.0006
0.5000	12.0000	0.0006	0.0006
0.5000	12.0000	0.0006	0.0006
0.5000	12.0000	0.0006	0.0006
0.5000	12.0000	0.0006	0.0006
0.5000	12.0000	0.0006	0.0006
0.5000	12.0000	0.0006	0.0006
0.5000	12.0000	0.0006	0.0006
0.5000	12.0000	0.0006	0.0006
0.5000	12.0000	0.0006	0.0006
0.5000	12.0000	0.0006	0.0006
0.5000	12.0000	0.0006	0.0006
0.5000	12.0000	0.0006	0.0006
0.5000	12.0000	0.0006	0.0006
0.5000	12.0000	0.0006	0.0006
0.5000	12.0000	0.0006	0.0006
0.5000	12.0000	0.0006	0.0006
0.5000	12.0000	0.0006	0.0006
0.5000	12.0000	0.0006	0.0006
0.5000	12.0000	0.0006	0.0006
0.5000	12.0000	0.0006	0.0006
0.5000	12.0000	0.0006	0.0006
0.5000	12.0000	0.0006	0.0006
